40 780
35 3 431735
2 14 704824
2 21 389705
2 19 482394
36 34 238674
21 36 56504
7 32 872465
4 12 926697
10 27 32688
19 15 623567
32 23 204639
36 7 603930
39 24 478394
37 12 799050
30 7 611510
22 39 448920
7 33 747761
23 21 65063
5 29 754193
20 34 796845
23 22 553102
1 11 853795
12 38 208169
29 11 843864
6 26 261623
25 29 162079
7 35 300427
30 6 768354
11 21 206709
29 27 968792
20 33 778028
7 6 416189
33 8 516089
26 16 579295
31 16 158748
12 10 360776
15 13 17259
21 33 656036
33 15 631084
22 36 562139
8 6 728447
26 9 535079
17 1 327939
3 6 116522
27 36 624678
12 27 345311
29 35 172799
12 17 38485
24 4 527012
29 40 669782
27 21 229383
11 17 542805
36 5 983353
2 34 604211
17 39 560170
25 4 992176
26 10 861231
36 31 916931
18 5 269252
32 5 262266
18 1 872883
7 13 576926
14 22 178408
26 35 801641
24 29 220775
30 39 375160
35 2 88829
28 25 478502
14 39 610721
5 39 552965
37 2 314738
10 15 50480
32 28 510477
7 20 933992
38 21 368574
40 33 456818
4 13 738444
11 39 645488
39 32 898911
3 4 994153
21 14 450761
5 15 11022
6 11 554470
15 39 593852
40 16 261335
16 29 806929
36 30 277863
36 15 554987
9 38 463115
36 12 697012
16 7 222569
22 32 819442
26 22 60340
19 36 538481
14 9 501598
38 36 30281
36 33 70998
33 30 198918
12 25 384629
14 1 351052
14 5 932737
8 16 747272
38 30 429901
40 37 829032
11 24 28390
24 10 314874
31 1 37649
32 34 486450
3 25 322428
18 6 456898
16 33 324882
38 25 711470
29 36 362503
10 30 165410
23 4 839429
20 32 936234
31 15 945247
25 26 727116
26 5 583001
15 3 438232
6 2 397186
35 21 202517
20 40 868041
1 27 822217
7 19 868210
19 29 347550
17 14 257050
19 38 281808
14 24 973288
28 19 173809
21 10 221257
27 19 238284
37 4 374542
10 9 505522
22 2 122583
36 28 207521
11 14 534266
29 7 680947
23 28 865555
17 38 226066
31 10 215995
37 1 373402
3 31 312112
23 24 203822
24 36 88979
22 12 702563
3 38 636368
15 38 748380
11 12 497192
14 30 387591
40 6 771612
3 13 340638
12 16 963671
13 14 327357
29 37 210587
9 30 687776
16 19 35788
4 5 893545
39 1 889520
40 34 520302
26 30 628154
7 17 830206
35 19 588688
28 2 776769
2 10 882240
38 20 953113
1 8 96019
11 33 316526
20 10 392582
32 21 821807
31 9 671687
13 18 204981
35 23 597260
17 25 766128
1 3 927399
40 1 250140
18 24 595070
1 34 470626
3 11 401479
36 17 697167
37 17 918245
22 16 9398
23 27 20295
15 14 437857
11 32 207791
20 36 961938
37 18 403021
26 2 46060
13 33 727456
39 21 846436
35 9 267174
5 24 768538
17 24 299836
6 9 191003
18 3 107081
33 39 49872
17 32 502251
35 22 7332
33 24 765102
34 21 826600
28 14 387
22 21 264929
10 33 570831
12 7 123223
20 3 997608
22 4 185061
38 29 79048
36 3 819456
27 17 2297
30 12 106075
5 22 923148
6 32 981534
26 15 770799
40 22 345293
4 31 167284
30 16 127253
5 33 476166
26 24 897621
19 40 450322
38 39 190382
1 25 415228
31 33 492389
24 12 755320
27 28 435176
34 19 554607
16 1 394443
22 25 974387
28 6 201656
23 19 319462
20 1 736280
11 36 992950
4 28 400341
28 20 531890
14 35 677150
13 38 811149
28 38 375545
3 28 470494
14 12 656788
24 34 774131
22 17 725487
13 21 350261
34 39 806612
19 25 943953
24 15 311038
2 40 95523
6 24 235608
30 18 42633
30 2 295091
24 40 898663
7 18 500769
12 40 552386
27 32 421926
30 35 134328
20 4 626739
40 32 17109
21 40 362402
13 1 184692
12 34 5568
26 32 220248
14 20 243884
7 3 574461
20 25 898012
29 13 779387
29 39 755838
12 26 752277
17 6 570500
7 23 272490
17 9 565552
29 32 287258
7 37 19647
9 37 221407
29 18 214939
38 1 259000
32 37 739713
12 35 121706
13 24 791323
18 16 531073
14 3 473294
34 3 359762
8 36 737387
13 35 88734
14 18 533949
9 19 618413
18 36 103433
16 35 457289
2 3 641303
35 34 394932
17 18 465522
3 23 8065
16 11 441943
21 15 943259
35 25 185797
32 19 567146
16 15 597964
7 15 471216
40 38 147172
31 23 45810
14 32 793931
23 20 949771
19 20 336508
27 9 766038
31 27 48377
28 16 46200
40 3 21463
37 36 781213
25 18 851422
6 10 944888
2 16 408873
13 6 629987
35 33 120826
28 5 386610
34 4 987868
11 20 358029
35 32 365984
36 2 981755
25 10 876031
20 9 847712
3 19 369718
5 20 886841
28 40 663859
2 32 898911
28 1 596883
40 13 94201
40 9 459423
15 11 897669
12 33 523937
5 31 692996
28 26 311896
21 4 489459
14 37 342163
15 28 577541
2 31 655607
38 22 851858
18 22 646813
25 34 832639
23 12 145229
8 11 178755
14 4 73235
23 38 480041
12 20 395369
8 7 488771
29 8 224524
34 38 859360
28 33 239767
37 15 65043
11 28 164547
27 2 391409
3 16 919873
1 30 205777
40 26 341443
38 8 19020
35 5 961424
16 17 866639
5 40 924136
32 30 252870
7 21 678900
23 9 564771
17 8 620378
30 28 25372
19 30 717549
30 25 299871
38 35 397895
13 12 884295
40 17 135165
10 1 697221
9 4 136584
5 27 3441
14 16 321367
20 26 659296
26 37 985160
22 20 154394
4 40 250839
14 19 35448
11 18 103733
11 10 967405
29 23 221732
22 27 699807
31 40 77047
15 29 539113
10 32 455708
3 26 923679
1 36 288253
35 1 880107
36 9 194675
2 18 1106
9 16 808004
5 2 225472
27 39 384707
7 4 223715
8 35 777068
31 32 295325
36 6 597086
15 17 63320
25 21 568156
9 21 368705
5 17 648697
11 34 617521
9 12 291373
39 20 772281
5 13 126056
35 10 992439
24 7 444436
22 37 916766
6 29 29033
27 8 708842
1 32 168363
1 7 548552
1 26 305097
26 31 216119
34 13 250444
33 1 498766
28 37 206983
30 4 539337
39 8 927915
2 1 936540
4 29 642868
16 27 394109
20 13 941719
18 23 906546
34 18 821898
28 12 904011
19 11 216899
38 2 658996
6 23 568075
3 24 609511
17 33 936833
6 25 332986
20 16 149385
17 31 433478
35 11 947595
32 16 62204
3 29 646455
39 28 817463
22 15 568975
18 40 441151
9 22 324963
13 23 721389
40 35 774497
27 18 113239
2 15 324887
26 4 674850
25 37 233442
21 20 362035
20 31 421196
30 21 185437
27 24 893511
23 33 762534
16 34 467598
15 6 532927
5 1 543504
2 20 597428
34 8 564493
6 35 295701
8 9 567321
24 16 946553
21 29 256956
10 38 288867
21 1 49022
8 32 768012
16 13 953750
26 21 20889
30 20 424075
26 36 831671
6 4 173548
10 28 131084
32 9 536107
12 2 772963
29 2 307930
31 13 705691
12 5 651461
7 38 963643
34 10 225595
29 22 348198
36 25 395434
11 31 450297
12 1 515938
15 30 502729
5 9 408786
37 11 540094
9 18 442563
29 34 257344
9 25 691701
26 34 237412
15 34 986165
10 5 740308
29 28 713651
7 25 24720
23 15 732419
13 9 588871
5 25 915712
24 35 63113
4 35 403545
10 7 903345
2 4 413572
23 34 847470
8 19 812516
11 2 703793
19 5 690670
40 39 461255
6 39 204539
15 32 558776
4 32 213625
31 35 939667
22 11 777838
2 23 866208
19 39 614807
30 34 903765
16 4 428921
17 28 201591
17 2 974945
8 3 374842
6 38 166963
30 11 898811
8 14 14032
34 37 331507
33 19 768558
38 16 865196
23 14 713782
23 30 404285
4 1 836562
33 29 472431
21 31 448503
8 26 889783
18 15 545404
27 13 896431
26 19 904149
1 9 233369
2 24 909711
14 25 650366
11 27 736041
34 27 749924
25 8 288538
6 20 762340
36 16 327535
18 12 655757
12 39 232481
3 21 417393
34 28 44603
13 30 321879
38 18 955687
27 3 640076
27 33 265037
24 20 949955
37 6 738441
23 1 174367
37 19 278358
11 9 868830
26 29 797984
29 31 873480
23 17 60319
4 11 990206
28 35 176995
40 11 183706
26 39 329640
40 10 982274
10 8 783445
3 10 562414
37 39 965755
16 6 257322
32 3 345667
26 11 884247
36 4 808686
33 9 819561
14 33 492947
31 38 79574
16 37 5884
27 4 97923
21 37 187217
9 2 210367
37 23 651969
14 34 294881
39 35 843092
15 4 158701
6 12 107436
27 30 848238
29 12 867378
9 3 318591
31 30 355437
38 11 463053
1 19 433564
39 4 446661
22 24 700417
36 32 244074
37 33 864084
31 28 720292
1 29 727759
17 20 877750
21 28 823500
24 25 971172
13 36 14012
12 19 929655
3 12 930179
20 18 791020
26 33 957669
40 23 723827
3 30 623855
20 29 209919
2 33 44682
40 7 361391
6 27 714262
18 28 828643
8 13 850131
38 4 630313
19 17 53088
39 23 230218
8 12 120331
14 6 291706
37 24 211078
16 21 710698
37 20 671525
8 24 737
15 20 400325
23 5 307485
12 32 100745
32 33 640049
36 23 500984
12 21 734317
1 22 314882
39 10 547744
26 27 830683
40 14 124308
2 39 193
7 39 529450
7 5 569193
34 9 666640
13 22 464674
22 33 775168
2 7 20170
19 22 617056
23 25 906433
27 7 92181
25 40 281905
36 14 841970
4 18 809826
22 3 48938
18 35 25124
37 13 863685
30 5 254950
39 9 189361
23 16 418260
28 7 828511
13 39 224177
16 5 855819
33 4 202016
3 5 898772
40 8 706458
34 17 119066
26 14 636046
27 20 755351
29 14 72018
27 40 717333
30 29 205633
6 33 736962
23 11 283795
26 17 510507
10 14 781799
13 25 422927
17 10 226695
21 18 313801
16 25 104695
23 10 482950
24 38 193209
28 9 710447
25 31 589583
10 4 474601
7 34 54237
2 8 537174
32 24 804762
37 30 353761
22 10 153448
35 27 671787
37 10 424043
3 17 831164
5 6 593835
20 8 637571
25 11 351121
31 8 976041
37 35 19061
7 26 873496
11 7 246348
21 6 327477
31 39 689017
15 35 23251
13 28 848587
31 19 576444
2 13 741413
18 32 539925
18 39 69736
39 3 533320
27 38 249703
22 31 327437
38 37 168040
8 18 713389
18 33 301872
14 38 90024
1 6 406111
19 13 359312
5 34 208077
26 23 403404
21 17 673619
8 22 127184
32 38 477884
13 26 670926
13 10 494062
31 34 455602
30 8 148810
19 21 434099
18 10 607577
31 14 425877
18 19 797300
37 8 159518
13 17 337340
33 38 465103
8 21 658332
40 36 891505
9 24 242200
7 14 666355
5 38 409335
22 6 1282
24 28 984599
10 16 926224
31 24 496278
24 1 503087
15 12 475355
22 7 227722
5 21 60665
3 33 967536
24 21 712794
35 20 402881
17 35 145280
32 13 503169
31 6 372201
18 31 490594
5 8 659283
24 30 40732
16 39 728427
26 18 587266
33 25 160987
15 27 156078
37 3 265780
7 31 567910
4 19 644330
22 34 830934
37 27 79024
19 10 354779
34 6 810310
15 1 687835
2 25 832163
36 10 139493
36 35 698784
9 7 636755
25 39 903605
11 13 536485
17 4 943863
8 23 610081
5 37 935005
14 27 447458
15 9 933750
8 4 567998
25 32 680431
39 36 967748
24 19 256793
17 29 70185
31 12 973715
8 15 970003
15 40 345753
17 30 967568
22 30 240139
5 11 455173
9 29 62713
33 34 857679
30 40 199665
8 28 537872
22 28 207153
25 15 308471
29 10 42143
27 25 35932
26 38 606982
19 6 354917
37 31 623930
