70 2415
22 48 824814
4 47 440294
46 64 772503
20 2 952130
35 64 106738
4 32 809509
6 50 989706
25 57 43073
26 37 739979
21 52 778365
42 29 623691
22 14 352384
70 19 494651
20 64 863515
66 30 37886
64 56 304680
9 53 917434
3 61 91343
24 59 510999
16 49 416653
65 66 344576
39 6 941275
18 44 441280
56 58 897341
29 51 133209
70 48 575194
52 38 695057
29 23 738527
7 57 909444
4 43 867697
34 45 389232
35 13 416232
25 42 457054
47 6 921344
38 49 982631
7 47 151341
11 15 335241
11 32 761222
63 52 811188
49 57 694145
51 47 154195
9 65 968834
38 2 62049
51 52 359204
15 9 486202
62 3 442412
51 55 946051
6 11 937380
60 49 726789
8 47 883841
48 10 755618
45 40 475258
17 3 829324
8 38 238775
56 38 370930
18 64 95459
61 63 140044
29 43 38973
40 61 663407
15 53 524047
47 31 216342
5 30 627872
47 22 747900
41 24 99413
68 60 408132
23 3 666706
31 53 946454
2 30 79970
48 20 308332
62 49 699912
21 24 759590
60 59 864340
5 34 487690
27 58 564729
34 12 376906
2 36 992420
22 69 664914
67 40 649912
24 65 302510
25 67 165711
7 6 629456
58 29 327766
51 5 814760
22 21 965324
41 44 481912
22 56 388834
46 70 117527
69 16 380398
61 30 175645
28 38 846076
31 14 432669
16 60 980351
35 69 466215
2 51 454370
43 42 917424
4 23 808106
60 43 793874
58 42 452224
34 67 864301
34 17 940110
33 31 867899
61 62 76583
20 1 906989
1 43 243281
18 28 52780
64 23 164146
32 2 971080
4 51 792457
66 63 259421
40 56 581944
36 18 909087
69 5 714144
21 32 895553
55 20 21583
60 12 259931
54 1 916305
24 34 171628
44 33 276226
56 52 4895
60 23 392604
8 65 665580
69 11 950503
39 5 621057
9 23 128567
39 33 130272
46 12 414665
48 40 660079
40 3 587834
1 18 415535
61 53 947951
37 29 588920
30 54 645892
12 42 615097
25 18 829909
8 55 873651
36 27 754703
55 7 637412
63 25 446144
27 67 980822
10 2 260316
67 60 529520
67 54 332988
45 16 473182
29 22 365754
26 2 510643
21 54 340325
30 48 864574
12 17 443902
30 1 464315
65 37 158573
64 25 609768
17 7 576491
1 47 41289
22 70 50710
3 21 727706
33 43 874160
64 49 915722
9 24 224985
8 2 52158
68 21 21104
62 13 183390
8 30 491693
51 8 480135
34 2 436866
21 70 283736
63 31 300986
2 52 261587
63 29 26594
19 17 1223
5 56 73637
18 63 442456
11 19 450265
46 65 49106
16 20 779759
13 41 217454
25 58 284116
68 39 21663
64 31 77309
60 52 512196
67 52 718248
18 62 544956
11 12 122306
44 15 908342
14 5 240552
30 70 954072
34 3 580771
40 38 322140
17 39 787949
26 69 995874
32 45 614092
32 1 576559
49 9 358172
21 26 513619
16 58 626155
67 68 441069
50 69 93626
30 10 785106
18 46 144669
15 29 566675
4 25 602381
61 43 57311
1 55 726082
21 51 903098
67 63 484130
16 66 223636
47 25 676501
38 55 546287
45 26 481106
45 42 293257
2 60 317704
11 36 361215
35 6 572464
26 39 55987
37 9 107751
65 41 234171
55 69 248886
21 62 898384
37 64 392234
64 47 454772
61 42 152296
34 66 834404
44 27 27210
55 16 929780
60 44 56868
49 50 797005
53 13 472414
25 30 75100
62 59 786309
45 28 930636
40 63 489053
21 33 43435
8 70 306598
14 46 944275
66 8 376957
36 22 583112
54 39 328334
1 70 674727
1 69 82089
8 19 591658
65 34 842724
12 54 863053
41 29 835879
30 65 462635
56 33 635476
51 13 572876
14 13 376087
62 34 456920
38 59 935399
11 45 570391
70 50 363767
5 62 614611
34 70 569405
47 53 328142
37 34 617506
37 63 286976
26 14 344106
35 10 782843
35 23 514420
10 53 340034
60 70 641622
19 31 457281
1 66 170327
41 30 754077
40 24 197362
55 43 569873
40 25 664164
4 63 663806
12 31 335352
21 60 840750
54 37 404891
9 3 374181
36 32 872989
6 30 641450
59 47 650040
65 3 299952
54 48 960671
22 18 280658
52 5 193713
60 39 643406
3 54 243758
10 60 737417
54 42 314195
21 17 540701
31 49 989068
26 27 487972
44 23 231979
46 43 16656
67 46 796348
49 52 289396
38 48 239638
42 30 840480
39 53 261552
13 59 722057
24 66 943163
44 43 248945
1 14 902813
64 50 439983
6 16 966924
48 32 290147
41 48 392470
68 10 428730
16 41 37447
53 11 389194
35 2 820625
66 69 117174
47 20 970363
40 27 28638
12 1 7929
7 23 164174
51 14 575188
54 35 874797
55 64 485580
4 30 547497
2 70 454020
46 57 347227
51 63 802848
56 28 480968
25 51 990781
51 6 623672
4 6 941071
10 37 725828
10 28 39846
10 61 940693
57 44 609328
23 57 320453
40 62 668784
29 35 878316
19 3 184064
35 34 425593
62 31 333665
67 4 440944
20 31 375941
3 27 883677
61 24 314802
23 22 418317
53 25 858836
35 62 268751
55 39 132315
20 4 260484
40 42 819179
40 36 630837
38 29 746684
52 4 255183
20 24 519312
59 57 742994
29 34 105125
35 19 396333
49 69 519904
52 36 754395
13 26 172682
52 16 379674
47 32 708144
53 8 4852
52 23 17742
62 33 291005
69 41 870570
24 17 644590
5 59 873161
7 37 525089
35 26 781272
28 55 970739
65 38 530681
56 32 221987
38 27 311086
23 38 82358
7 13 997059
53 44 371577
64 12 259130
62 19 150316
61 41 228125
34 49 238221
9 33 48021
22 19 576545
16 62 401565
23 2 174359
40 65 424638
55 3 732427
9 12 984430
18 10 476764
53 26 284618
20 21 266263
22 5 387927
64 4 724824
50 33 409241
47 9 341522
29 52 411152
58 63 861301
70 47 856929
17 37 408555
64 13 597734
61 5 242207
18 61 996617
1 39 468508
21 55 792935
37 14 947366
5 47 171892
50 9 516618
28 42 322415
69 62 362557
68 44 294676
67 21 645047
67 66 987854
31 32 773050
1 59 800073
65 50 788530
33 48 225728
57 69 112213
65 57 486275
28 46 650849
70 13 271400
55 31 765917
48 15 88094
42 39 929454
14 68 674691
36 50 88184
17 45 743680
10 1 204725
65 55 171514
3 4 994284
39 13 143165
31 36 20510
8 36 76050
9 19 696568
68 48 967185
17 43 784317
38 9 977606
39 19 255850
19 54 299551
9 6 58278
9 30 924052
50 29 900907
9 11 866787
50 35 191924
32 16 965858
48 11 257622
8 4 696434
30 47 532004
62 38 311209
52 1 385883
66 13 93351
45 48 368494
14 25 391599
24 18 327906
7 12 335306
61 17 71247
54 50 308098
29 61 138811
10 19 802997
59 29 332363
15 66 187510
18 45 963570
49 13 875881
18 13 849505
1 15 59252
54 51 495490
10 47 608405
9 32 23950
31 9 638808
5 4 589407
55 18 863097
44 26 829336
30 18 333122
57 8 966131
2 42 86113
56 41 195437
13 45 653133
61 35 96125
27 68 691634
5 40 939918
51 53 861998
15 38 729536
15 16 198850
10 15 239503
64 24 780071
64 60 640245
20 7 258620
67 38 567808
23 54 340855
1 65 685183
63 60 627789
56 50 529975
43 24 554407
27 39 40193
61 1 909607
39 52 43741
57 66 111650
43 36 885910
59 53 409153
54 17 714829
16 29 854681
64 33 12179
70 53 265260
17 15 366447
34 23 480916
30 43 84001
41 51 127547
7 64 53470
61 67 623296
45 35 528096
55 53 161904
53 68 214168
5 9 115796
9 58 82625
47 65 912913
29 24 274194
56 1 147686
59 17 839022
51 12 464686
69 32 874576
22 8 526368
56 62 646545
2 25 526967
7 65 876063
69 30 695228
51 15 426284
29 62 710701
46 24 675093
25 68 13792
18 69 548096
6 2 88627
27 25 742831
48 37 216525
17 62 959521
66 33 128144
13 65 539593
14 70 152619
57 53 685901
23 11 691717
67 45 642217
32 42 770084
46 8 732086
21 49 352501
11 66 77219
42 56 516290
50 52 262539
46 10 246871
7 35 279267
57 26 227674
21 4 161851
18 19 532643
5 38 691485
70 15 291719
35 55 604076
31 27 800370
36 24 607588
45 64 977489
66 55 807502
61 48 778086
37 2 143016
15 47 954337
60 6 961883
62 65 130195
12 61 883879
37 67 591384
16 59 262411
54 45 802006
59 50 49994
41 36 510982
42 21 158366
20 8 79002
63 56 346646
11 56 604435
60 50 693841
7 31 972262
15 40 693082
34 46 286563
24 4 823896
20 61 46377
33 69 241167
24 3 444219
68 9 302403
65 21 641738
31 39 821147
49 35 25424
24 39 367369
43 9 553667
59 56 515151
24 37 61703
18 60 305802
37 70 28520
43 3 656482
69 40 710045
24 12 748510
7 8 596636
35 8 528279
14 20 346446
34 59 986152
62 68 232170
10 5 394289
37 28 152332
60 47 921127
68 30 124350
54 10 511305
7 40 275404
30 15 859441
54 4 418550
49 33 523688
5 37 5122
16 31 855364
12 47 156959
66 62 73468
25 5 84624
8 54 698670
10 27 341915
20 68 273320
66 25 639365
23 31 704021
53 33 830006
36 21 258813
50 12 125394
67 17 214761
70 6 836675
39 18 144957
20 69 422634
51 37 239408
68 13 938840
16 51 241549
5 6 89530
37 33 370291
57 1 524087
28 40 850606
30 39 617541
13 31 931952
21 6 914642
31 11 92380
5 48 696601
9 52 345065
59 39 585195
36 47 127012
64 67 267283
8 9 379904
69 12 648954
6 3 439470
59 18 516638
50 31 449616
28 35 850808
12 39 157024
69 67 587065
48 43 671260
63 20 274969
3 10 369564
15 39 634287
14 48 72659
59 28 235107
64 62 65413
67 62 223593
38 14 33180
22 26 434232
29 36 152958
19 20 96786
8 15 808516
16 18 183738
41 9 462667
57 19 480183
15 63 948813
53 29 634156
34 58 835519
28 57 442115
61 2 842895
14 2 194250
54 32 812153
46 27 680235
36 39 358598
58 55 59459
57 48 775728
25 60 501521
20 33 883128
20 53 509022
48 53 516529
39 2 853461
44 3 117820
43 49 296398
17 32 516494
56 17 48819
61 32 395633
41 20 885099
69 59 619492
29 44 661096
42 68 714064
59 65 947904
70 3 979562
14 24 43676
53 38 578098
57 43 428283
18 3 276632
36 5 619886
67 36 651769
12 53 44716
10 29 666583
25 35 822956
48 31 556683
11 50 462794
49 30 556875
42 5 549168
41 5 316205
63 19 86141
33 46 766649
55 14 254581
24 30 459073
51 50 530580
42 27 938659
19 38 220974
1 49 36125
55 27 984195
13 9 799868
33 65 790968
10 17 964201
7 16 104036
70 20 603440
18 26 285230
21 45 286099
4 53 522958
35 31 812226
50 27 210438
63 65 918379
42 59 451385
4 19 238794
12 30 632017
4 46 930910
40 43 735854
63 68 775832
33 55 835575
58 65 792619
54 57 291941
35 48 228371
10 56 314735
67 8 636526
43 54 973990
49 14 28126
34 27 158270
48 26 725018
4 17 684219
37 44 83301
35 20 916980
23 61 142347
32 40 320626
7 43 8839
33 17 925827
21 28 977670
60 35 981723
19 34 6673
7 22 181812
39 63 208352
41 17 822928
44 49 580448
41 40 638464
34 22 61200
50 58 386715
31 21 902701
46 6 665172
23 51 770662
8 37 630157
58 22 27411
8 33 181040
66 39 471949
28 64 670139
30 67 682659
49 29 195675
52 30 667529
22 51 534417
31 38 88844
54 31 712561
48 7 13494
64 27 879583
50 30 897794
68 40 353891
40 11 905081
44 14 36814
23 50 613385
5 17 507911
26 64 546668
37 23 314493
25 20 629417
46 48 642140
68 36 671284
7 29 750970
35 53 657719
58 46 389660
24 31 863902
18 37 770290
6 43 383361
15 64 708168
61 57 768561
17 31 249344
43 22 631528
11 22 327737
60 13 634375
44 22 289996
11 65 28683
58 14 170263
21 47 761785
6 45 272197
41 4 312612
66 5 133243
38 37 55521
50 48 843870
56 24 836832
41 3 683946
3 35 612162
38 30 91767
9 54 698168
9 61 399594
23 48 52711
42 20 570787
28 69 620949
16 39 691261
36 10 669282
54 63 263217
57 21 417675
14 64 347051
62 70 822222
55 19 212809
53 66 754922
59 33 591656
23 15 211028
51 65 106932
29 3 343247
42 37 482221
7 5 362342
63 8 411955
6 52 648968
53 65 719512
42 17 926735
16 70 319025
27 33 626094
60 40 633190
23 13 478421
4 27 287548
2 21 886188
31 37 528312
3 32 412383
23 62 776262
18 8 598022
47 17 540248
12 8 801080
50 68 672792
25 19 32848
56 31 398319
34 31 354718
70 28 11476
7 24 798186
16 50 933984
44 65 291168
42 24 727975
24 55 869795
16 63 542821
20 6 149292
5 26 484391
11 24 764344
4 13 748162
54 15 190235
52 22 185277
63 22 599086
56 26 813310
39 51 267295
47 35 190319
20 28 328713
5 70 413373
4 37 300209
54 33 592740
26 66 276814
28 25 182491
53 46 885514
58 69 398821
42 11 583445
36 34 530557
30 13 889198
13 15 986177
39 58 308374
32 52 887096
32 18 210747
58 32 378661
70 41 727442
61 34 124955
53 17 331357
3 52 749178
6 15 901717
46 3 688355
69 25 436624
38 60 70849
16 8 607272
41 14 883519
63 49 362932
24 25 257258
69 48 217797
2 69 495121
13 52 574366
47 18 524752
12 18 115810
48 17 583237
44 59 346762
9 60 11363
63 64 171054
9 17 572165
58 10 529462
48 49 478402
66 58 49035
17 64 915640
15 2 947971
53 56 24692
13 40 769517
1 4 12889
49 25 160661
28 30 823874
28 66 992807
42 4 150695
16 27 303160
37 3 517730
18 65 923935
38 46 209916
24 22 212012
51 7 880600
34 48 273992
51 18 63917
68 1 663579
45 39 697756
43 35 222274
47 46 669142
56 70 319229
62 43 603223
3 7 386579
57 35 763079
45 68 422754
69 9 837807
46 55 420027
59 23 809289
70 49 873519
28 33 646343
8 14 237280
37 1 979684
28 53 837925
32 50 608008
69 21 975946
10 43 409762
58 1 29162
39 23 670389
35 17 128274
57 45 618699
46 31 677077
61 8 527313
45 66 467360
39 29 265547
34 68 392517
60 62 497880
20 32 475827
60 54 51487
50 13 608807
29 46 670953
18 48 834816
52 54 361904
68 38 209875
16 64 44136
45 46 845243
4 69 229133
60 19 10181
10 66 810987
54 59 807360
52 42 49093
52 25 331127
19 14 993509
32 15 908881
45 50 637125
61 45 402161
68 64 817587
9 45 998490
40 31 71794
30 46 506496
41 27 254084
44 8 250384
11 49 290064
22 9 869130
19 37 561759
27 12 405100
55 61 15536
31 66 760920
34 44 342840
47 33 563566
58 4 16598
53 49 625706
2 62 213797
40 52 697371
50 63 258359
32 66 376166
63 53 801244
30 37 499845
54 62 75313
10 63 351832
50 41 951646
23 47 276318
29 4 653071
43 65 126481
60 7 704795
17 65 803915
31 1 49842
19 46 431981
39 49 963273
58 6 142577
52 58 999385
28 22 7227
16 14 205563
61 65 621509
4 11 161595
59 15 664780
36 15 200141
56 7 985982
11 28 159924
28 16 551338
32 19 416648
37 46 101674
31 30 436304
18 17 462672
55 26 997587
26 68 389639
45 25 592481
59 26 542059
57 52 950538
26 70 686738
8 29 129376
35 44 569442
23 67 408383
29 40 262807
8 21 343189
36 4 616446
9 46 105578
36 42 558603
20 9 368565
26 17 99475
70 23 597640
41 2 34297
11 41 271282
10 49 987976
34 38 958962
24 5 347331
29 31 594087
32 29 151310
19 5 643394
55 12 130929
30 40 538083
30 56 368311
50 53 893041
7 19 349361
63 33 989055
28 65 374956
22 42 348679
24 28 14989
13 5 575824
36 64 293197
24 45 19469
65 52 172302
26 25 955149
25 65 978781
49 47 627188
18 57 680950
48 62 158177
46 20 731453
18 11 426904
28 62 784006
40 49 234990
19 40 395038
27 9 403269
21 56 394711
34 60 274067
13 24 533345
55 42 986066
66 4 278765
33 36 340870
45 43 316108
3 49 534957
70 59 352744
4 57 467831
32 25 344685
60 29 953933
4 9 573107
42 3 992882
53 43 482485
39 61 682073
23 14 558544
7 67 452485
39 65 315503
67 47 947217
40 22 290910
52 15 747841
2 29 573770
59 43 480207
1 27 469929
28 15 252436
35 39 143234
13 63 184614
9 48 134880
51 44 50382
35 56 543789
49 65 945356
10 33 568385
2 53 874551
14 45 661572
21 25 521061
58 20 522808
2 57 843804
22 68 434741
6 59 732126
32 7 315444
16 22 103968
29 67 60797
8 11 387928
49 51 158086
48 63 546379
64 53 18366
38 25 757759
55 54 142858
18 52 969216
49 27 514495
8 26 696310
21 7 302377
27 54 134681
65 27 325632
13 27 585190
44 21 6378
32 22 66191
65 35 321112
42 65 545791
7 54 825684
34 64 574852
2 16 538723
30 51 237460
68 58 532132
7 58 259187
3 47 72705
28 26 999813
39 46 324880
21 30 689854
64 5 6726
6 56 584122
49 55 586925
2 24 538231
14 50 329601
28 4 559362
22 67 164086
58 38 571532
23 30 814726
23 26 659358
7 46 379836
37 12 927503
41 32 326898
26 61 689716
46 21 427828
11 59 21190
64 41 140394
39 50 675722
21 66 995771
54 58 272784
24 1 820818
8 13 16693
61 13 475401
17 25 39823
68 23 375669
34 13 834665
43 13 629066
44 62 97994
1 34 193490
48 29 895864
50 18 907689
15 25 5504
3 22 411249
53 36 390744
61 22 693689
49 36 675055
20 22 323341
15 60 190822
38 11 23680
49 68 840494
69 56 188152
39 43 427048
48 52 747950
26 60 121796
55 48 251664
26 30 775291
31 2 718883
22 4 557998
37 49 325785
12 2 863363
28 48 664058
21 1 14454
33 29 765865
62 9 427066
29 9 457900
58 67 313812
19 21 443383
36 54 387460
29 45 985501
40 8 486612
36 62 957530
19 27 295466
36 65 674870
49 5 311193
8 32 693727
18 35 906311
27 14 330798
27 30 574812
37 40 907510
8 27 265528
59 52 797792
49 4 114578
18 38 790172
2 3 726795
53 69 162394
66 59 147206
47 2 54800
10 52 677224
69 60 345709
62 55 149012
32 63 693820
53 5 834734
32 51 942024
11 44 320423
68 11 878809
50 55 194051
26 29 186007
68 33 874670
61 64 321146
26 32 110426
66 18 785793
32 35 795811
37 13 362332
42 15 416255
36 70 500045
48 42 602157
42 51 174925
66 17 3747
58 24 945340
57 10 52649
6 64 494363
25 56 879439
10 67 323037
54 26 549417
57 6 407828
63 34 711304
37 59 348387
27 18 378393
61 31 637213
44 10 75926
60 48 804117
12 35 865419
12 67 751734
19 66 825445
26 15 3774
28 13 931760
9 63 898164
13 29 528340
11 17 799027
13 46 356807
58 53 707067
18 68 768391
18 23 73903
27 61 692361
4 40 867027
64 10 214321
21 35 532710
65 14 193146
68 24 235616
51 24 315015
52 43 916437
57 33 917025
61 6 431649
70 51 336408
48 16 78961
40 57 769460
54 41 913670
6 41 184646
20 50 727919
35 42 368585
53 54 828427
30 19 758414
33 23 535597
2 50 568027
55 6 351725
68 3 157833
3 69 341454
46 40 870402
3 12 691572
1 62 24716
64 39 530251
19 33 862263
66 23 677161
59 36 93341
41 49 88494
67 53 498733
48 6 835366
9 28 314152
1 35 535591
20 13 879313
59 19 57679
13 10 662370
39 14 832577
67 44 517880
62 20 164279
12 20 767806
33 58 29503
50 61 917921
50 8 359751
35 52 430685
31 58 396178
25 43 631716
44 30 213771
61 28 672723
44 31 76892
27 53 188881
69 65 236312
50 43 67068
52 31 433045
64 54 449103
50 26 931758
24 6 565514
14 54 589545
8 10 721952
3 1 852313
38 3 552600
43 16 946906
51 17 541916
56 13 448822
3 14 324209
47 14 126549
41 62 420703
23 19 770649
70 31 463625
36 17 576837
16 46 963005
49 23 376745
59 21 285029
27 28 221319
62 8 305533
34 28 836101
32 38 643179
28 36 141090
52 28 234974
42 7 697432
63 3 830747
67 26 629269
26 40 890976
64 43 41703
36 61 871323
54 40 532807
10 65 480221
25 61 413915
20 39 721728
26 38 669335
43 69 245436
13 16 793126
18 29 459332
29 17 508830
3 45 489648
64 40 431632
23 12 952976
64 65 904983
59 12 74047
19 69 576293
45 52 467150
49 17 155710
16 33 701546
63 14 525353
18 67 204846
2 63 106960
42 6 831678
7 39 33049
27 5 351346
8 52 846246
59 10 184443
68 32 285369
7 25 743049
3 48 769366
51 43 781650
67 13 641103
37 21 358107
8 60 426046
41 47 164502
49 2 287322
9 66 615883
23 20 203563
15 14 920893
12 10 121617
26 36 727181
34 56 391055
5 12 145157
41 68 569676
9 14 553094
18 42 190819
58 36 763225
25 29 510809
61 21 838565
12 68 688779
28 3 563385
46 69 587098
8 59 171616
24 69 883654
5 50 455089
19 53 440815
57 27 378507
59 2 69198
36 7 574656
6 25 756343
24 54 765651
60 17 895473
41 25 636851
42 50 741651
63 59 72082
60 14 921865
24 47 594153
32 55 212591
40 1 950053
70 55 697889
36 57 408051
23 25 603726
26 9 962700
15 67 358408
45 23 934011
47 58 650195
7 49 380549
43 66 357631
57 30 798135
32 13 505143
28 49 888578
3 60 554070
56 29 52162
31 51 576678
1 36 48301
31 15 248258
34 33 519001
41 31 347038
32 64 143442
56 45 816542
42 64 496542
10 39 487737
5 43 835006
42 47 800901
21 39 487024
27 17 999160
45 60 716112
32 44 280798
18 5 801438
41 1 943792
59 58 727504
16 40 211450
16 65 987506
27 60 33723
67 70 227987
66 3 194214
24 70 418216
53 14 311511
14 69 680962
62 11 373626
58 44 180435
22 10 190588
48 36 60449
54 66 747932
57 29 973128
67 51 416055
50 37 693607
13 48 52435
53 52 921197
31 3 806855
41 57 336426
31 22 812499
16 35 981391
69 45 368572
15 20 45806
18 34 988233
20 17 48956
38 61 498605
24 57 962344
9 2 983993
54 28 390223
34 15 459277
60 24 966367
11 60 661837
51 10 952961
3 8 528363
30 14 474883
19 49 550732
44 48 821372
47 13 546028
8 42 325093
17 8 75877
48 67 912006
28 50 121519
55 9 678578
51 20 839352
10 45 658226
45 41 697227
60 4 632729
6 67 187027
7 44 877555
21 63 781018
45 38 25991
43 56 311379
55 15 278040
22 27 690907
57 58 714226
21 41 154287
57 15 399575
1 51 483471
5 29 232960
22 53 810482
22 62 484024
16 44 244998
44 66 820769
5 46 813558
4 44 977778
27 51 706396
12 25 488166
58 21 442699
16 23 640464
50 21 554265
70 35 773571
12 16 992228
38 51 273774
2 56 526760
44 63 908936
11 63 297422
36 45 831657
31 6 992894
15 3 416736
34 50 142672
6 27 886296
60 31 956987
34 43 614985
23 6 1423
59 9 505960
40 50 983305
53 3 455763
45 44 276304
56 57 191910
18 70 487256
67 14 607987
33 3 195639
20 45 79970
41 60 709340
61 60 926978
34 40 735015
29 69 624295
44 50 899419
15 69 474984
64 70 640417
30 45 283547
60 37 24817
23 32 9216
67 55 54596
27 2 324735
48 59 536798
69 52 834170
70 12 154733
43 31 468501
6 66 669706
16 54 12885
24 19 720673
69 8 846192
1 26 910071
47 56 868318
43 14 278409
3 51 811966
10 11 820619
12 19 654650
20 59 111174
64 52 986588
67 3 175798
28 19 212725
25 31 171673
47 66 216969
1 29 290518
63 70 9781
35 67 802725
68 57 109700
42 69 544966
13 3 268695
50 66 902321
46 63 662930
51 33 44767
35 59 265675
41 12 154091
49 46 159165
63 1 152414
50 1 234612
61 33 529227
10 70 546906
41 35 390604
70 4 832083
64 66 763189
25 11 724207
67 59 698428
27 59 664176
39 48 983651
37 6 853085
53 45 482126
37 11 871283
70 9 789128
47 34 50418
4 55 841828
3 50 690071
52 55 411806
35 40 331877
47 27 421187
16 4 379944
12 33 341866
64 29 533317
68 31 486894
7 52 955893
15 21 875985
31 18 274743
29 11 378537
54 68 654076
21 53 91107
7 30 294546
15 5 631679
18 43 622413
54 22 229643
14 29 442907
55 10 621160
51 66 866666
52 24 665715
46 54 531960
36 55 873295
19 45 205159
1 42 515957
26 3 392527
27 70 726481
35 5 894677
57 38 799505
39 4 534574
32 43 863578
13 1 165956
7 28 441358
50 4 19167
33 52 263874
8 39 349755
20 43 357279
34 39 747592
23 56 366133
28 51 523892
25 54 110981
19 15 819739
41 59 980509
40 2 736039
1 22 56705
57 22 111101
61 46 915443
11 64 53451
43 70 671072
53 62 141421
61 37 169297
56 46 682507
64 30 395780
42 57 412487
18 7 858396
40 12 931734
58 26 711956
1 28 996979
4 18 695258
34 10 812585
14 36 537312
58 35 216802
38 39 79535
18 2 92348
5 32 901480
32 59 173479
22 13 252451
17 6 998599
34 21 603121
3 58 544038
62 4 749130
42 34 116783
23 42 970899
12 58 30943
19 1 157320
38 20 713730
30 22 56510
23 43 185949
52 20 529530
54 56 438234
14 57 406571
48 19 322543
6 49 677319
35 14 946375
5 21 571517
6 53 495885
66 52 136475
41 34 412738
12 63 937731
17 28 922903
46 52 116847
34 52 627155
56 66 845423
9 56 874053
26 46 228729
44 70 949507
2 65 171658
45 27 956213
14 66 382053
17 55 846982
44 28 913796
65 31 555015
17 1 396422
38 70 29692
2 33 421818
43 26 20672
2 28 37564
4 35 835681
62 7 683810
41 66 250600
42 53 314157
19 56 143525
1 33 19960
17 30 257484
65 45 970142
32 30 109750
44 47 355865
1 25 133322
41 39 814298
38 6 845615
23 24 24968
45 70 72946
62 52 186369
36 38 616215
24 33 863668
17 40 541755
35 24 611669
33 67 141795
28 39 450988
14 56 428767
43 28 131329
58 40 849806
25 13 209248
64 51 950314
19 47 814534
22 55 433489
2 44 240630
67 20 407630
22 50 227530
63 17 473011
55 45 92321
38 33 279099
41 18 45863
5 63 927146
70 39 130190
10 14 863778
21 43 902862
56 39 357373
42 63 671139
15 45 743742
45 37 973463
25 70 54631
27 11 514280
58 19 320595
59 7 10884
5 60 595787
1 2 677637
24 44 380418
14 40 705823
43 41 175842
69 61 447988
22 60 130526
43 19 699978
45 31 65433
59 46 486945
3 57 199001
35 46 494930
65 5 644604
19 26 853912
23 28 842817
55 5 901638
13 17 238189
63 6 224673
45 33 919933
39 32 943128
56 55 594375
6 8 620950
34 69 608375
34 7 425008
2 66 894187
43 27 51960
30 11 741422
2 19 864305
61 52 401119
20 10 797207
26 42 231066
61 49 908240
16 67 869999
57 16 737288
66 36 862724
22 59 76873
10 21 560148
24 38 821397
10 31 895107
21 16 226860
26 11 220021
43 37 530435
14 6 932338
53 41 716401
18 56 326043
27 29 717740
61 7 500609
58 45 255931
5 57 567766
34 11 373900
31 57 790596
12 21 747244
63 35 764160
32 57 501818
48 66 429270
54 6 493018
16 19 988044
66 7 102252
59 49 572327
47 62 981052
38 22 479550
2 43 792684
42 31 456820
63 43 931922
54 2 246660
31 8 538862
54 5 313441
5 31 766778
30 20 198925
65 68 36110
25 55 167542
21 23 795267
41 33 251051
6 32 272733
46 17 11175
68 29 851659
68 16 846114
12 36 319201
58 51 93792
29 30 148183
48 1 370902
37 53 838424
58 8 916946
11 35 68867
6 33 171312
32 27 181513
13 44 645661
38 13 782766
48 27 893824
70 65 461089
50 17 269006
16 24 799164
32 14 308936
24 27 736609
20 66 145002
43 67 459829
27 7 646362
37 22 5922
19 29 380383
57 13 115231
49 24 961283
40 44 146077
44 38 261121
22 66 282225
49 8 612485
62 50 25996
13 21 248441
69 37 576608
15 4 822886
62 58 651588
69 13 677569
3 20 920134
43 15 656980
68 6 381979
69 38 442292
11 70 178627
12 14 476393
27 15 546674
56 16 779471
5 28 644239
13 11 573187
45 7 169422
61 56 976417
13 2 266638
20 11 932965
3 30 296800
51 48 993936
30 60 115546
13 55 892191
9 51 714250
20 65 638657
47 39 535255
25 48 539949
27 23 824367
12 38 938064
46 42 148989
22 65 882295
31 69 981884
59 40 5311
59 64 58527
40 23 457295
26 12 953190
30 53 314162
28 67 523071
32 28 555779
6 12 310525
59 14 39871
19 61 842737
15 62 555444
15 65 926703
32 65 923402
2 64 742336
68 55 796405
50 15 538735
38 35 543705
52 44 502652
47 28 493504
59 30 495897
48 4 465245
57 39 496154
61 66 436335
47 40 511377
18 6 894771
44 69 732464
68 52 303174
33 25 38774
8 56 878680
32 10 632021
23 53 770281
9 44 457143
13 6 742899
58 64 73247
33 30 722197
22 33 770341
58 70 13026
16 25 319786
60 56 972947
2 68 752223
8 5 263992
51 46 898605
20 34 190571
61 11 500249
4 59 160445
20 36 95327
29 55 937676
52 37 615936
53 16 159346
1 16 822017
49 15 180642
6 1 52713
34 8 96478
46 60 879363
9 25 670599
38 41 362216
18 21 495573
64 1 159535
67 50 319845
57 20 40388
40 39 708782
16 9 480437
56 65 520979
34 4 884665
47 55 511463
12 62 264300
57 50 861389
27 52 424010
70 68 152468
12 56 364342
25 3 99517
13 54 533195
7 68 647261
68 46 451538
38 50 643423
39 37 616219
59 68 294500
18 9 24647
38 43 574218
4 2 664488
60 55 501891
14 21 303858
9 57 691141
2 58 908015
8 41 32172
61 4 373227
56 20 824880
7 26 247793
3 11 495947
14 62 119158
56 67 358754
10 40 985586
14 34 639187
57 51 528155
67 57 793619
16 36 96633
61 14 717217
12 4 292801
55 41 861369
17 52 320582
62 45 285316
8 64 236850
33 13 574576
22 12 202194
57 17 228360
6 22 22750
12 15 778732
16 34 413903
8 45 875609
23 55 552004
6 28 85122
60 33 4243
8 23 395412
31 26 146324
6 26 444138
41 67 200424
55 44 568714
22 45 32647
52 41 179632
58 37 686753
25 62 962179
43 11 406608
1 38 857088
67 2 460285
60 20 311105
37 16 608887
36 37 432374
50 47 968653
11 21 489088
31 28 565008
54 47 789782
24 15 259196
20 5 747339
12 65 767886
15 18 504298
64 38 795206
22 15 604329
22 2 394840
54 70 148569
41 37 910678
19 41 23057
2 46 756215
26 52 927300
62 6 665465
13 58 844443
5 23 376817
32 60 106323
39 44 705250
66 49 985572
25 10 652659
60 65 719226
57 62 812832
63 45 908809
4 10 713535
24 53 533774
41 7 882210
16 17 361287
42 66 543812
35 36 179279
17 44 127278
4 45 898935
47 63 515398
8 28 497326
34 55 481636
45 47 910066
5 1 728052
25 34 492339
58 41 929122
28 29 845376
49 12 154496
58 15 952899
23 1 363278
7 69 749296
68 19 984252
42 44 325245
29 70 86833
53 60 82895
44 5 428780
6 40 708745
54 11 751705
51 35 198502
16 10 832907
4 14 142842
62 42 845560
40 9 953042
17 23 572308
48 21 83337
4 7 69175
60 58 667802
70 61 446976
15 56 726082
26 4 874581
58 48 593940
64 44 313574
69 10 434543
17 58 530764
50 25 108382
42 49 318919
62 26 387306
51 26 538578
1 7 406763
69 17 414983
53 1 218035
70 7 521418
30 34 487909
23 36 109599
63 55 845253
55 11 162774
37 15 237350
11 39 116940
15 61 644544
29 12 475390
12 52 925955
33 4 768510
47 26 153747
60 57 610561
49 18 204689
49 45 45895
68 8 562552
38 7 205239
11 46 99984
48 8 783182
37 27 250319
59 25 170914
56 37 676786
35 37 707243
33 5 667187
51 69 467183
18 54 798206
23 69 174971
40 55 157997
29 21 275510
62 27 243879
57 12 969335
10 42 232544
21 9 505746
51 62 820466
31 67 551134
42 9 701664
33 40 64706
62 39 618008
37 68 52665
11 2 716976
45 12 239061
4 31 366999
36 25 773032
1 44 183642
67 39 499894
70 33 933063
46 62 939427
58 43 789322
17 38 853695
69 54 785713
57 34 696305
13 36 686334
39 22 244817
26 65 985031
21 38 110828
22 17 998959
39 9 943069
3 59 29000
37 32 935314
61 51 792995
57 11 730592
25 22 415033
69 63 624276
70 52 426265
25 44 410355
38 66 859953
46 36 593947
58 30 476099
66 12 988155
65 23 686975
42 41 883315
10 38 384105
33 7 353165
50 24 773297
20 27 249547
47 43 942177
63 28 337401
68 28 291261
63 24 9044
63 36 164649
52 11 109884
59 45 507413
33 11 58117
51 40 601496
28 12 94795
23 46 943122
67 49 658834
46 15 540997
58 28 729875
16 38 326372
65 29 94846
35 68 378341
49 20 923336
29 47 407975
11 47 969149
62 30 826418
44 56 184605
54 29 144357
10 9 308443
36 19 866567
42 33 220505
24 32 314486
56 3 147448
63 7 767264
64 48 65382
24 48 746074
13 42 988530
58 61 810862
34 6 422412
19 52 486864
2 7 328966
17 68 814583
16 47 865611
51 56 337415
60 51 927816
10 7 109179
19 50 782576
37 55 61561
32 12 145945
13 19 373776
34 9 394556
43 68 524791
20 26 196483
45 2 264698
58 23 642807
23 10 92017
49 22 950473
36 69 749882
66 35 226576
20 54 470122
69 47 16366
25 37 832980
64 3 266728
69 68 555691
3 5 203272
33 35 370411
48 47 467791
19 51 67815
53 40 278405
27 35 571788
56 49 88809
3 16 605952
27 63 875624
60 36 482459
5 68 300662
53 34 607855
27 21 677181
54 34 486792
14 28 462162
41 63 130364
25 8 99596
33 18 336737
58 11 416146
39 3 933689
45 51 4049
57 70 933153
9 1 995159
33 14 859938
9 64 869286
10 62 486780
46 25 166247
27 56 130262
30 16 656574
27 66 603769
12 48 968919
67 1 644324
65 19 11615
20 40 993288
19 64 345390
26 34 820415
41 28 598595
35 22 261722
53 7 994205
19 6 213306
67 42 84148
26 24 325845
46 44 184604
67 19 199609
41 22 699486
60 1 299822
41 15 269199
70 40 292018
14 52 946352
42 38 611387
18 14 386544
27 69 65901
66 68 566556
12 13 538119
19 42 850805
2 17 91049
30 63 185132
67 5 186674
14 7 189070
57 63 766000
49 32 47089
44 61 678961
14 11 949300
11 16 52305
41 10 905722
44 19 972323
36 51 69101
63 26 620896
5 16 246748
24 8 638190
51 59 746244
15 35 624774
23 41 484699
16 61 493535
59 61 492235
7 11 305614
46 1 824989
32 62 352415
12 44 796783
57 55 908941
17 14 290089
69 64 857600
28 60 78470
46 32 14669
22 46 513946
3 36 364136
35 30 214939
65 54 74231
61 47 538703
47 52 183847
63 23 791828
42 16 32269
11 67 139131
22 64 517487
37 57 630320
55 59 214754
30 36 230488
9 35 705213
2 55 323220
42 70 483926
17 70 361668
26 41 433990
44 36 377026
10 6 621371
62 63 172766
36 9 567934
61 68 999384
46 66 879972
21 64 968208
36 56 590734
11 5 435281
64 57 315434
65 4 218288
69 6 180941
68 4 301550
51 68 130308
53 32 9948
1 8 22802
32 34 800070
46 41 254346
65 6 21465
2 5 427010
32 70 98783
7 15 290036
24 62 541237
32 33 416067
9 7 731777
26 16 369750
57 47 869322
26 10 359822
4 56 34232
44 20 688551
45 5 544875
26 33 209967
29 66 937147
18 53 890756
70 69 432640
54 38 527493
38 63 669324
58 5 482543
33 15 458123
10 50 633145
12 43 754685
60 42 398747
37 62 331852
29 20 195361
18 20 638352
48 2 644171
11 51 859581
26 49 781083
66 40 634367
25 39 131853
20 37 183532
39 69 404552
67 65 515384
29 6 10425
7 50 697350
47 37 760235
47 68 958225
47 38 706639
6 44 436604
1 45 651571
60 66 84469
56 48 53009
56 68 853692
10 24 830075
55 30 846735
43 8 947549
4 38 111172
36 6 935847
58 49 666481
44 54 191263
68 15 794038
67 32 757883
66 37 925871
24 67 587041
40 21 70553
50 46 28276
11 1 298959
14 42 699888
18 58 815574
65 48 457676
51 34 640965
70 66 475755
54 61 322211
49 54 218655
40 18 843949
9 67 237676
31 59 996720
