70 2415
60 39 755293
21 62 464144
49 43 188532
57 13 453903
34 32 528768
57 44 97127
24 67 491423
67 61 760140
9 6 968388
56 45 783078
27 57 919315
50 67 449506
27 13 685615
53 29 377460
58 59 466937
33 55 93599
11 25 508650
20 38 783230
36 16 379171
23 28 425947
45 9 311243
28 50 306612
13 54 926023
44 13 428009
46 17 391048
59 25 735810
38 56 146681
4 32 820683
54 29 160941
70 59 173493
38 55 903912
61 52 925048
21 70 378294
27 25 205005
22 10 698447
68 50 103735
21 50 492824
30 46 798074
46 39 214855
63 42 166701
12 43 39081
18 62 560361
52 24 973655
23 66 746349
66 51 959631
32 62 997340
27 16 958202
40 26 252098
12 48 965877
13 26 851851
61 65 958948
53 17 488019
2 25 708343
20 64 411388
48 13 997671
49 33 339438
55 14 853539
29 47 462010
24 2 836214
13 23 63035
9 64 719509
41 43 102216
17 65 267090
30 1 117161
40 38 541800
54 30 733530
3 57 150391
24 66 833552
6 60 963686
2 45 127195
7 62 528560
52 13 720457
52 45 609380
5 63 662513
34 60 216118
27 49 308722
20 49 128063
34 38 989424
24 39 665943
70 51 679940
40 68 942657
31 46 338248
1 50 156283
15 28 755806
49 36 170086
66 35 518924
37 61 386654
63 26 962907
24 16 928330
6 62 645237
43 34 693741
43 63 391406
21 41 507557
64 28 487431
35 40 318352
62 42 894385
44 46 354076
30 20 128338
44 35 51450
21 30 356856
21 49 17708
51 13 198710
53 61 317781
57 28 142862
12 24 707808
45 11 114482
48 26 784213
14 8 607141
57 42 424585
33 11 210735
31 8 114021
25 67 790796
4 55 648087
12 2 956664
49 14 65657
66 16 868560
42 55 134651
36 64 826097
47 51 667366
54 66 49939
68 37 382598
22 42 92499
64 3 543267
7 43 582051
23 49 533287
34 18 327053
8 44 713296
11 18 485181
33 68 51443
31 49 579987
49 5 609365
44 50 29788
12 66 940351
46 32 366489
34 61 134506
44 37 119131
27 68 703920
61 46 429
10 19 2786
67 64 517251
43 36 977571
5 58 413078
65 38 215033
41 58 856393
20 28 162788
69 41 157666
47 9 762387
68 15 404795
33 14 556372
4 5 618824
43 1 694140
36 15 921745
62 11 804469
19 38 655258
55 47 732463
60 24 812365
47 19 541820
5 66 715717
9 2 784132
45 69 362708
67 21 630766
37 41 444539
64 44 725523
2 27 665382
35 5 859299
52 64 104083
27 69 927070
29 3 209298
69 65 36482
27 11 821648
6 32 835311
26 9 368430
9 17 2164
17 6 366907
22 30 146323
12 41 40940
66 61 884117
46 16 323326
46 50 902589
70 33 415693
22 39 973454
63 31 540151
52 26 707793
64 17 78822
10 6 990399
48 47 561694
7 20 946033
35 33 148486
47 12 475996
43 17 955457
24 3 966610
17 28 392099
14 45 500474
13 56 911814
30 23 606083
52 29 24830
38 27 268714
12 65 296118
61 43 888388
56 18 326922
53 52 338764
1 41 942237
4 47 65568
24 26 932573
55 28 870621
1 7 387546
65 62 95055
61 64 975132
11 63 144560
20 52 824738
63 41 813879
67 37 421322
45 68 227716
27 44 48274
7 39 580311
29 2 463719
22 9 407755
35 23 464220
65 9 667619
15 54 727353
5 14 278365
32 70 696399
51 15 247423
9 3 929695
5 62 170416
18 7 912776
26 25 513198
39 19 993250
6 45 566319
62 23 285271
20 69 160879
42 52 428448
59 50 275428
25 49 956040
65 47 115976
10 68 350708
23 25 338255
39 42 299855
67 55 546800
60 32 643513
12 29 714161
42 64 488761
53 34 129484
24 32 459013
45 26 467646
41 47 911259
21 56 218612
51 69 549751
26 30 344006
40 21 545314
40 29 381328
2 51 697257
21 65 83452
13 32 622217
40 61 273891
56 40 542662
19 11 195186
47 63 62523
29 4 24724
43 52 584577
46 15 782751
50 42 880809
12 1 800720
3 8 484722
20 67 476013
19 53 558406
61 69 75190
23 59 971325
24 15 902143
54 69 58540
4 14 999907
35 69 467768
36 40 83211
22 17 561320
23 5 71434
28 35 776764
43 60 566833
66 36 801033
57 34 380766
15 19 895941
17 11 383458
16 23 443269
11 29 916274
1 35 205645
10 67 361646
47 22 849360
70 18 464114
13 40 958561
36 35 843678
12 55 604403
12 18 419385
2 16 891236
20 14 490902
43 5 492389
66 62 17887
61 11 21214
15 4 611998
46 52 904100
44 26 370713
47 67 613377
70 30 196875
18 17 985318
43 67 23518
9 56 103116
3 23 981499
45 29 502455
6 59 534131
61 16 632942
6 5 403422
44 60 411584
46 65 17885
57 16 667303
6 1 407983
21 18 368586
9 8 682583
44 62 654820
65 24 399397
15 39 956260
47 66 684679
13 65 749286
56 25 788317
64 54 122075
20 21 554234
53 67 889253
42 25 13193
8 10 296390
35 27 675984
32 22 450605
57 20 168310
28 63 262541
28 10 136158
55 43 927567
47 34 651975
34 9 574335
28 48 284970
14 24 818971
7 3 481646
57 11 315628
56 39 241237
66 34 587202
66 20 8545
16 9 836990
20 44 243383
25 29 47746
53 44 610471
64 63 477298
21 45 296298
2 18 560623
57 64 745856
61 17 602265
34 42 575167
33 50 799241
64 24 181295
56 24 13972
66 38 665354
4 61 99975
24 31 98400
42 33 332165
38 57 846176
67 29 639081
20 19 64052
13 69 274072
57 65 23982
14 7 648193
31 45 514985
5 19 236466
1 5 497465
47 23 698580
41 20 494722
40 31 513850
50 8 991042
44 23 844789
42 48 733768
37 11 499863
54 38 703194
16 34 329371
56 58 103444
62 52 513636
1 47 177964
4 44 541478
40 46 692799
50 57 957060
60 28 178550
68 36 399991
66 40 950735
5 44 393324
65 4 918614
57 63 752427
66 55 160725
59 36 334856
14 28 576212
10 41 530014
61 18 607321
32 53 817505
27 56 252337
39 45 395417
35 59 416374
69 42 121980
49 59 554334
54 59 123734
7 66 171260
28 51 602321
65 43 58127
24 30 253893
35 2 872496
14 66 805188
43 53 954258
30 7 943380
55 48 73413
37 45 865576
63 32 369481
69 25 105230
51 6 420849
50 45 138506
3 13 578583
62 68 265457
6 29 984798
10 15 392196
56 5 255011
33 24 280588
52 23 763529
36 33 189730
59 55 975228
68 61 212263
39 65 467927
39 29 584543
56 29 907020
44 59 539721
19 13 584161
10 18 576749
19 66 734987
25 1 462714
39 47 654864
21 58 228304
49 7 94106
37 70 614450
28 16 196295
55 35 629774
49 45 150240
51 64 31273
31 23 615364
38 18 311822
48 70 67110
19 16 579120
65 18 54145
41 68 870201
20 68 28013
27 8 884111
30 47 28174
63 58 986975
15 13 32579
65 66 607599
43 9 435686
21 46 638638
55 52 682069
14 10 555241
25 22 21591
21 19 298740
40 34 159645
12 40 540179
3 53 869875
36 37 838882
25 18 17232
43 6 281706
3 41 4679
15 31 831816
6 23 558399
17 36 846286
25 24 830983
68 49 834806
2 48 813204
3 36 706320
3 19 749421
7 50 315022
67 38 368524
2 57 263990
37 16 227582
2 11 685981
46 28 810199
25 13 804496
66 41 467012
67 2 103894
20 70 991558
3 37 811799
57 36 433364
46 63 361295
62 22 850465
66 69 444534
60 2 843720
12 3 112424
13 31 235514
29 24 133444
3 27 172124
42 24 525204
62 28 379190
32 39 971509
2 63 510984
6 39 142779
53 12 259474
27 12 399827
31 50 854356
65 27 809153
62 34 197718
4 54 696273
59 11 200828
44 36 346567
9 12 128648
4 63 483401
24 19 414265
62 29 161102
9 5 273350
23 56 343365
6 40 250358
56 7 566499
63 33 129259
20 5 848874
61 60 667157
19 63 641894
14 23 807714
31 37 863779
59 16 391193
32 16 907543
37 4 628666
55 62 111466
21 29 483488
70 55 599668
24 58 989940
5 18 72975
60 23 860124
53 56 381721
24 22 402828
52 22 254827
56 61 857390
4 33 307654
57 15 167248
28 37 970509
60 22 792979
38 49 673766
43 45 238681
47 54 416926
45 62 825276
3 56 71083
4 50 180455
20 29 730836
47 7 252323
54 35 220385
31 33 622856
23 18 345540
44 54 514423
10 45 663693
66 9 986414
64 70 277447
53 64 391167
7 23 576722
33 37 991127
16 54 247186
57 23 750316
33 60 624326
52 58 593433
61 50 374488
28 40 526336
61 26 804940
22 8 133394
45 27 593481
1 70 444761
35 39 821057
61 62 474424
47 31 758828
61 19 453548
63 53 596276
63 30 900809
67 40 845932
56 30 693351
45 55 476259
56 36 784551
45 20 960444
52 3 932035
42 49 121207
7 19 47162
70 53 616649
21 11 149808
61 8 429780
45 46 506768
42 16 450622
38 11 210531
1 62 475644
68 11 419965
67 9 666615
43 66 412166
52 27 685349
45 7 449049
12 21 872454
25 33 616065
29 16 844953
4 30 847824
20 47 88889
1 42 189204
50 19 635586
40 39 879451
51 8 463398
31 44 266085
2 5 954438
56 59 621649
28 19 812873
54 18 282507
4 9 571081
49 6 871256
28 30 758202
41 19 379293
42 65 94744
20 22 197566
39 5 156884
50 32 253807
69 36 493243
38 3 251049
18 14 529293
21 14 430600
15 35 540861
64 32 573579
2 58 511552
56 47 600228
33 45 738155
62 3 261927
67 45 295212
37 2 693037
23 64 168392
23 69 722123
20 4 20813
3 65 315403
1 46 196861
68 6 300157
9 30 453129
44 42 920911
60 55 257997
48 61 647380
1 16 490077
51 1 913699
10 24 360580
13 5 585442
52 47 544617
48 10 606177
3 40 485482
51 23 566320
7 52 220979
43 13 195523
6 28 975783
63 16 812558
11 70 45866
48 37 848488
6 63 535930
7 2 305992
53 35 384734
1 10 897343
40 17 85161
17 31 653389
54 11 197679
23 43 881601
41 34 710719
44 29 126266
67 18 601074
1 34 189067
10 46 13842
24 50 715654
30 48 270076
62 35 945413
48 23 33638
34 12 844256
36 70 343031
43 35 506186
27 20 862931
27 21 557793
46 49 401772
66 13 621874
56 46 350163
70 56 353728
12 28 15390
2 49 243810
56 19 967514
4 67 78080
1 24 410912
57 1 273924
57 59 215303
70 15 502490
69 33 131883
43 28 947588
14 11 334153
52 6 978002
11 39 93014
70 10 534121
11 23 259411
6 21 918435
38 69 921102
64 43 879346
56 26 409691
48 69 2400
51 26 24017
42 59 947187
62 47 638639
38 42 971447
16 44 40895
38 43 640066
44 14 690419
17 55 593902
60 14 804709
21 68 817699
58 57 814470
10 13 373161
51 35 395102
57 49 151379
36 62 404639
42 15 485176
40 37 473342
63 61 309139
44 19 133096
32 54 961581
70 22 321564
33 8 455121
13 9 953766
2 22 688295
70 25 655877
63 48 991579
31 30 279193
70 38 565004
61 54 926324
17 63 358690
69 59 206570
18 31 837346
48 57 783452
70 17 252831
23 39 693025
58 65 197715
12 36 366809
38 21 586961
5 46 23885
69 53 318310
66 10 840843
1 44 34030
57 45 654048
18 1 940607
23 45 699371
49 26 537428
27 67 349858
69 28 791868
18 37 354452
15 22 755659
32 31 718812
36 30 779200
14 56 555702
68 9 716656
60 63 910228
56 66 958294
43 57 201587
18 26 70455
32 47 407424
24 54 123723
60 36 471912
52 49 436570
7 51 648940
37 50 922622
44 38 208710
11 60 761560
22 18 1468
7 21 840092
10 11 468107
10 58 617182
30 68 768087
66 21 777119
37 1 459445
51 31 30035
56 55 936183
53 33 408533
9 37 516263
24 43 461959
46 67 805247
44 43 130154
2 21 482862
10 37 491603
26 27 84801
39 63 229750
10 34 243946
64 2 717274
28 47 883397
14 32 631864
34 27 687439
38 63 826936
4 6 368562
64 60 572900
67 66 189591
69 29 642634
34 13 327576
33 1 187674
19 51 472091
70 63 819662
45 35 888975
62 64 219196
3 44 53033
20 9 549033
61 12 20774
14 34 385929
49 28 28528
21 34 575706
46 9 264118
11 53 415535
58 20 173545
35 30 490811
9 52 715445
19 35 643579
27 41 877100
18 63 453754
27 53 867386
23 55 380115
56 63 511712
33 67 925001
18 27 463444
7 35 762848
26 59 833486
7 5 579371
42 29 843990
19 52 321154
42 36 206378
15 53 194869
58 7 469952
70 52 757972
46 62 332707
67 65 830886
47 44 638287
66 18 681499
69 49 914471
4 2 424104
5 37 606356
10 2 612145
45 25 665531
1 60 200625
12 45 443914
16 7 704145
31 70 897923
32 42 12321
26 65 874966
8 12 11496
34 39 176297
5 30 516089
27 51 128416
22 21 93565
41 64 851705
59 7 322806
31 62 873894
9 29 744082
40 5 200904
64 49 693594
28 33 348179
2 15 292698
39 62 790047
52 66 685476
26 31 487846
40 16 742170
45 40 22516
4 42 252375
67 5 274903
33 62 521197
70 19 886966
8 62 960154
63 45 837908
41 2 567479
52 56 265876
66 3 57476
59 30 504235
35 17 604542
58 61 892855
5 52 872301
45 22 405662
49 30 732646
67 56 889260
15 25 484963
10 30 881762
7 29 117005
23 4 303300
48 58 415459
69 19 423158
64 14 213729
67 31 244603
54 58 78261
23 15 994423
40 7 868853
21 60 146926
59 4 221661
31 20 634082
37 39 205304
31 65 618143
52 39 906324
34 67 53226
9 18 295300
48 67 201470
3 54 220010
17 21 993433
55 6 920977
8 63 178524
4 21 156345
69 70 26423
8 7 51809
1 61 412625
36 41 900340
47 64 894655
12 19 722866
12 13 552392
54 36 349203
2 13 566061
69 24 892920
68 44 773333
14 42 267317
13 29 280525
30 65 173273
49 32 993906
25 60 766558
31 34 665722
53 20 504759
3 11 276840
69 3 910011
46 8 858276
9 63 23655
14 51 410295
12 70 972754
1 31 381275
66 39 614708
41 57 748556
32 5 300966
41 62 503708
64 1 137867
10 60 837330
5 42 402437
59 66 807674
12 16 255071
52 69 947712
14 15 803148
46 37 727966
70 68 788976
61 41 772641
45 15 880229
62 40 333170
50 53 672716
48 20 199505
32 18 913710
48 66 305116
43 16 640657
17 16 339868
32 3 844149
48 29 657801
30 29 852282
70 49 492668
9 42 593298
61 55 976518
11 9 500156
27 23 663181
70 3 457457
56 22 624077
30 14 569522
58 44 676152
42 23 465218
27 7 50798
64 13 712835
6 64 36355
28 2 703772
63 66 178625
44 17 603624
50 27 316619
59 68 501611
30 3 567462
27 54 184056
25 28 658755
67 15 274991
50 18 448704
62 57 389755
21 43 30593
34 68 79937
1 36 351926
18 59 279709
49 13 590218
22 61 809249
46 53 453257
28 13 94032
16 50 64528
27 32 420673
15 7 669517
45 19 808611
26 35 21194
34 35 984558
31 3 600962
10 54 923930
62 14 568759
16 33 489902
15 61 962872
27 42 900904
10 57 787049
35 4 477772
4 18 707749
54 60 805643
45 58 243605
49 65 113059
36 20 249609
25 31 824869
26 43 744291
35 38 815744
63 59 188106
26 6 335663
56 31 875906
5 31 923121
57 40 146606
29 19 552172
20 1 977977
66 28 41519
52 28 951282
50 40 210946
30 37 314902
48 4 419496
5 53 736632
42 58 864416
54 37 591527
15 3 106600
16 60 514749
69 39 439331
56 60 224636
30 40 616707
46 66 7076
21 69 144811
30 50 268474
41 51 802565
11 55 356055
1 21 11068
52 15 283785
49 22 518733
12 60 162263
45 28 950004
27 63 681000
53 66 501938
53 37 281778
16 69 146941
22 51 886032
50 63 198170
12 57 461991
58 49 417727
23 41 231371
47 10 580444
24 51 508363
33 22 562448
9 32 333042
24 28 670737
44 65 454446
36 25 24029
30 6 805228
6 13 829800
68 54 548233
69 60 748544
62 20 836818
34 55 552522
5 50 618134
26 32 178838
4 24 441010
24 41 995804
23 58 405566
22 4 90401
63 24 435480
51 11 425414
3 50 827792
14 6 487404
40 52 604656
65 48 521366
24 57 463757
69 17 435814
8 65 107100
34 25 162262
6 2 579350
56 28 82735
63 68 193241
28 22 291853
54 50 70181
47 53 619035
53 38 46006
43 46 952518
63 49 430517
24 48 831795
68 32 215200
28 4 831281
61 24 193751
15 69 776506
46 34 375572
70 2 656327
3 39 350422
4 26 255641
46 29 598369
34 22 755987
23 24 573760
41 8 380160
62 49 65987
56 12 532530
15 43 156523
61 57 650094
46 18 621381
26 38 507882
19 22 876113
1 39 954457
33 26 819058
52 60 335747
47 37 604451
16 21 390344
31 52 919963
49 50 593445
7 54 889714
42 30 719105
6 15 115881
45 44 335549
42 21 380844
31 11 282043
15 60 706430
34 30 550461
3 16 363873
36 7 464515
52 36 225396
57 39 695674
46 48 85577
68 38 833469
1 40 96724
3 33 753207
44 69 196604
28 38 867202
62 16 872255
3 51 234313
39 30 597278
54 23 87496
57 14 244629
69 63 956305
3 49 503418
15 20 53324
51 18 724748
35 11 545710
19 43 72315
68 22 671699
50 35 946392
61 70 391151
7 65 378212
65 55 806374
68 66 101011
30 57 692804
66 17 49696
36 45 5673
37 19 614351
55 7 129977
8 35 353976
65 15 614392
50 64 722568
2 30 537271
26 58 64582
50 65 908601
65 45 27836
36 19 168630
11 28 570733
30 13 540299
38 45 501888
27 22 901914
16 20 286242
31 6 158889
50 43 757092
27 10 974274
56 43 925037
5 69 768548
69 50 892892
33 61 526156
59 32 652329
47 24 174303
51 53 83970
69 9 212341
2 20 504278
10 44 138670
55 63 37965
50 52 921937
14 17 415429
8 43 794272
7 22 513254
46 57 72269
54 28 277954
12 15 405306
4 17 776548
18 69 407697
11 66 460643
51 54 671836
36 53 508325
40 55 512245
27 28 453158
1 55 626586
47 14 594983
63 15 894605
21 33 634924
46 41 356466
13 53 274916
37 52 152125
26 34 812576
42 18 832804
5 70 25524
53 40 344857
31 54 849416
61 45 162436
18 64 223589
28 18 924535
57 53 59831
4 46 96047
54 62 397337
58 46 873058
2 23 662346
68 19 937590
48 27 890009
59 39 354993
10 3 509119
18 55 525153
40 64 193169
66 29 865790
24 38 112412
29 1 819651
30 41 619631
60 31 345502
41 67 368269
62 13 927655
2 66 718888
43 40 603010
7 12 261740
37 32 81407
41 54 182216
26 37 273940
58 33 969755
56 62 567081
65 51 110502
50 6 722395
2 47 311118
18 33 579845
27 4 944745
3 68 604442
2 26 445531
5 24 272529
11 20 918172
68 8 800702
55 69 808689
2 55 531498
29 65 380730
30 38 771229
3 28 781719
29 10 856169
2 65 594451
60 46 924446
53 39 448629
61 49 272278
2 44 868123
11 40 823561
6 34 239453
21 28 855388
45 41 461804
48 52 731362
36 29 212140
29 35 440516
39 36 57823
16 56 569530
38 33 225675
4 34 264765
26 8 794351
51 55 87554
8 56 611668
26 29 201265
67 13 703768
7 69 912324
27 17 321411
66 30 756398
10 40 827481
41 44 389735
4 56 238948
17 39 132325
38 39 621521
47 5 559424
19 30 905881
28 42 657889
50 55 302767
55 19 481775
3 55 45242
32 45 856335
51 9 931999
37 60 684940
35 21 363520
36 63 751266
43 62 381354
7 4 490236
51 17 475009
26 21 405486
12 63 205300
41 18 411470
18 6 923716
44 49 43650
26 20 411036
44 39 512268
15 58 966731
20 33 28494
46 23 169455
32 67 669604
59 41 795015
62 25 469041
13 45 22191
69 43 575200
59 60 571392
15 11 857159
10 7 245117
59 22 843477
31 68 115496
5 38 772050
6 12 484520
1 4 647077
38 15 450096
40 9 55649
31 59 193205
16 13 157398
52 59 415332
26 55 496837
64 30 676636
51 21 917060
34 19 979299
30 18 618735
48 36 995901
34 3 34810
42 7 57980
54 9 883604
51 12 126302
10 33 669513
52 38 963102
29 18 348405
7 46 50604
58 16 122975
43 68 70313
23 40 215632
29 70 322954
5 11 208404
36 28 107203
27 47 534239
47 11 690659
23 70 935857
67 3 690721
22 41 984318
35 52 564313
30 8 909720
68 7 857036
57 70 541530
4 38 619624
39 12 491847
43 31 788720
52 30 46700
67 58 283520
64 56 332774
40 18 943038
31 48 459476
17 52 486769
4 57 646659
34 36 626729
56 10 50880
38 1 813713
6 70 617959
19 27 99818
61 59 771742
27 31 739083
7 11 71776
52 10 786895
20 13 531201
37 20 646032
24 37 983987
12 20 173218
26 1 686419
39 25 116376
32 44 431657
46 55 178084
9 61 267724
67 69 839927
39 48 183345
3 42 215193
22 35 353962
1 52 184833
43 18 415606
46 35 735143
63 21 98743
59 34 395661
27 62 436983
22 38 176807
44 61 634992
68 46 847306
54 17 925742
32 48 788608
14 29 384152
13 70 106524
53 62 579070
35 64 474478
59 37 238064
54 45 412280
8 28 733120
59 33 377652
11 48 484156
70 45 590074
17 25 52895
32 29 685733
14 43 818038
58 29 563304
6 48 44092
61 38 376280
46 11 156780
70 39 731498
24 18 777399
31 10 193915
28 26 331019
67 36 611203
32 41 812498
15 30 271612
14 65 966385
70 35 149945
24 70 383535
3 60 198214
11 44 420416
18 68 590663
13 50 26971
65 19 322929
42 17 657367
51 62 526710
25 7 303830
60 40 556832
25 52 849475
19 9 793744
30 12 879945
67 70 660191
29 8 912911
67 52 642081
21 25 158100
27 39 72707
13 21 560929
15 18 490825
62 10 397980
61 28 976341
66 4 448513
19 42 396309
39 4 104999
30 16 922568
8 40 498280
62 26 947226
70 43 270015
17 24 216655
51 57 211921
10 25 942090
37 7 290298
30 61 520704
2 62 435257
23 20 843599
53 68 549190
20 59 738632
24 7 528712
58 51 6875
68 39 661936
46 12 778997
9 7 437833
63 10 904017
36 6 583668
38 8 870718
1 17 123992
62 17 85278
15 56 827652
63 1 115304
69 2 704157
53 60 306852
63 67 632064
58 39 951835
19 54 232137
67 23 14445
58 3 447849
11 34 825160
16 5 764827
25 64 945888
11 22 557334
1 45 766202
65 64 903250
66 32 598759
42 10 866668
7 44 603560
14 31 480350
6 22 62243
29 34 494009
3 35 928609
28 68 65262
59 24 568581
10 5 443623
53 31 229867
67 49 955903
3 46 877633
51 49 427607
21 32 440815
26 47 812014
23 61 142844
17 38 930872
10 55 628751
12 58 721739
20 3 461533
64 15 258223
15 50 338959
39 13 560213
7 34 396787
48 51 715108
13 35 34366
15 17 808599
10 36 311007
18 52 593226
59 28 595106
7 57 131618
33 40 609590
32 2 287041
68 35 985726
52 11 150581
63 51 761222
13 60 265341
40 4 493472
57 66 708505
53 24 582337
25 68 279777
63 29 86594
41 56 606106
3 18 682447
10 38 508420
57 69 222478
48 18 69596
43 54 189091
68 58 429973
41 5 399299
29 64 966892
15 49 758904
34 44 1294
15 41 76154
48 19 948591
25 37 345347
38 47 616457
42 66 286078
13 58 192930
37 38 117988
22 31 954854
32 12 77295
16 31 723884
39 67 483893
39 16 202148
49 4 104627
31 35 818846
55 30 195867
38 32 620149
58 32 969006
54 67 630524
51 33 956852
70 58 435628
13 37 981560
21 57 272513
18 60 724314
3 22 969668
13 18 889894
59 14 603306
28 65 815163
3 26 592620
56 51 161442
27 66 71812
19 6 536176
12 10 723137
2 61 36296
70 7 345563
55 53 613710
11 26 543085
13 55 506422
59 40 239287
10 16 800054
10 4 954957
37 17 150944
12 22 541638
14 19 471097
64 7 523066
35 47 717217
37 14 389452
26 7 633200
2 52 112268
9 39 779896
29 68 783695
58 25 970575
25 43 81662
12 64 917772
35 14 922773
10 49 910735
48 41 686977
47 50 747854
57 22 91975
25 32 370765
5 54 53172
36 23 906940
38 50 868146
61 47 919476
27 5 71729
50 66 102955
47 13 407533
8 37 530218
64 8 965914
14 1 981607
24 27 869101
17 33 854671
18 16 980124
21 3 33433
59 9 492931
27 70 41183
11 8 983588
10 64 97450
52 51 914073
30 17 57849
32 55 737847
28 39 780179
27 1 628469
34 20 490698
14 9 502970
21 39 405303
13 63 887799
36 5 780880
65 6 93659
16 25 539713
48 5 775816
37 56 729108
60 51 221300
41 6 286554
18 39 867481
11 4 743979
15 62 281723
21 37 58921
60 20 236418
48 16 335966
4 70 296289
55 64 812295
59 2 209665
2 38 13291
56 50 944832
55 9 856837
42 26 739901
57 19 548255
64 46 763512
15 5 850439
25 63 361883
57 6 611494
38 51 1703
51 30 17338
43 33 540065
27 29 542600
21 54 419588
49 55 674601
23 21 504103
48 60 983756
46 51 45335
27 9 165149
66 6 888337
60 29 532051
33 52 487558
65 54 160255
6 58 639269
64 34 872689
51 40 445603
58 50 949194
31 61 170351
55 25 28200
50 9 514506
41 14 886333
29 22 974975
40 54 961887
41 16 307410
26 46 230086
65 32 447526
44 18 317148
64 66 900751
40 20 248276
14 2 751792
67 35 870069
8 60 283779
14 63 665082
5 61 626194
11 1 615398
14 13 800937
59 45 396278
11 50 949553
20 6 500955
34 63 966789
59 64 68268
23 8 503116
38 23 49874
23 37 331633
48 45 381729
59 51 476239
10 69 923198
42 67 408874
55 29 942604
56 11 587315
24 45 33731
50 2 238393
13 61 455492
39 55 4203
14 53 612435
70 14 521637
13 38 709846
37 15 423160
65 10 118826
3 25 463159
1 59 956691
21 44 584406
46 20 102633
66 1 548822
37 22 667535
36 31 762181
34 8 561
25 5 47693
16 47 217998
54 25 736377
57 52 902853
32 17 496812
37 63 931255
70 50 747439
67 44 297048
39 10 17753
52 32 193434
42 43 134377
27 61 675754
33 44 811365
12 35 199422
24 68 695107
27 40 194782
68 2 691765
5 55 365639
69 46 963894
36 61 530316
65 25 137610
48 3 494396
56 6 948359
66 37 372479
29 49 979968
2 1 899837
37 27 622232
20 43 949552
65 35 798214
48 15 411247
66 33 492459
6 8 565808
50 25 266507
47 21 733489
11 6 366318
51 36 818446
36 27 981362
58 43 208066
69 56 156656
9 28 891032
11 64 162658
20 56 676414
47 59 113959
26 60 28797
34 69 963947
61 35 800704
8 54 659450
31 66 715170
63 35 711386
7 48 642822
68 52 112965
5 12 874084
33 6 489654
37 49 646423
67 17 311391
11 41 214533
8 21 973365
61 51 811943
3 61 440557
33 2 695446
10 50 674206
52 65 486631
38 58 663660
39 41 78853
56 65 27427
26 5 101476
66 45 55741
39 26 843423
28 32 844246
40 32 249174
58 37 226
14 3 725741
64 21 844780
47 58 350073
4 41 961417
32 61 157987
28 29 714145
20 51 253621
53 2 564410
16 38 129352
54 39 740245
35 37 874249
23 33 598252
47 8 899745
69 30 226574
67 14 420289
6 37 236098
31 58 809531
54 2 372555
22 13 273900
40 70 483758
49 19 527856
58 66 979875
46 38 136542
54 70 438757
56 17 419807
2 36 556678
27 59 661837
30 32 648941
27 6 416531
2 46 735257
59 67 740022
67 19 862482
67 8 884575
16 8 128830
12 31 212939
26 10 842162
40 58 644275
11 32 792362
60 68 292599
20 8 801724
22 50 360970
59 38 662563
16 4 372237
58 28 941257
68 16 809616
22 64 531158
26 22 163204
65 11 750327
9 10 295278
18 58 370156
67 26 526316
47 33 990106
12 54 232822
11 30 398178
53 42 985466
32 15 509250
18 8 526791
44 12 655814
24 46 349084
11 69 38226
49 12 150199
46 6 211509
17 57 718375
19 64 597035
1 32 935337
47 57 986469
65 34 559955
34 51 683993
3 59 732157
64 38 746193
9 38 150091
53 10 206213
43 51 745081
9 21 786683
61 25 366491
46 19 589741
48 8 718392
1 54 151800
41 35 964074
56 42 401519
30 53 995500
55 16 672440
52 12 61308
41 40 714208
67 57 50304
52 16 442437
64 26 941532
20 65 531763
36 13 897803
4 13 277046
17 8 735907
2 42 435211
43 29 569025
38 25 494386
53 58 33256
1 48 267852
22 65 475882
10 21 218234
60 49 82807
43 3 881066
35 6 414277
15 27 671997
18 49 57756
33 19 597882
19 4 455210
9 49 285322
3 47 786262
17 2 696600
44 55 380454
12 25 2000
42 47 650554
40 42 163252
62 69 885729
26 12 764566
18 20 863031
63 20 13140
68 64 176925
62 59 227387
56 48 83553
19 26 80153
22 69 110878
42 51 74205
59 29 144559
20 39 254931
58 1 883060
70 26 298911
38 36 500696
57 8 669600
14 46 773346
12 4 408551
39 49 951661
7 61 85407
58 34 737775
27 55 205385
47 70 955560
4 31 555512
4 3 993179
69 1 812135
6 54 211736
50 17 756062
25 30 834608
49 40 579217
17 59 747312
38 14 292824
8 1 849968
54 56 824650
34 52 424331
12 33 97038
12 37 214096
41 29 40329
34 5 595246
70 65 483639
51 39 851684
13 33 800188
5 28 51974
34 48 178517
1 13 357130
43 37 121806
62 24 757426
11 13 13823
60 27 80305
55 24 685718
14 40 258079
46 22 208080
29 31 998169
37 69 106320
16 15 99160
41 55 456645
41 9 66605
30 44 677486
51 45 218358
13 7 989464
62 19 794341
31 69 26312
57 29 472857
6 38 460882
12 62 122012
32 69 694455
8 70 840169
35 10 912891
50 12 150441
30 62 962418
3 45 665408
25 6 473418
9 60 931241
56 49 207259
41 50 849287
17 68 804988
61 39 546576
54 20 591991
35 42 414013
17 20 555467
8 25 558551
49 8 678751
64 69 182123
13 8 562275
8 24 106358
68 47 55522
61 6 780321
9 53 724911
22 44 288113
16 49 682377
59 13 227931
17 26 161840
22 40 365008
47 60 752864
67 62 679843
17 58 241101
43 2 981597
67 28 328944
16 22 722007
22 54 118905
45 5 602061
34 45 999655
19 17 406814
68 23 346357
1 3 111239
64 37 609962
22 48 589942
29 61 614550
8 53 892853
36 9 270469
45 18 26328
33 29 951239
46 33 199492
9 44 852967
8 2 610306
63 52 259699
36 22 655449
41 17 295130
14 16 770269
58 9 905219
36 4 541370
68 26 452102
47 18 845104
46 70 201749
69 14 93096
46 13 401530
8 19 208677
8 39 162373
58 4 860629
11 67 81412
14 61 401519
34 54 997229
53 48 540228
57 5 469245
58 19 435331
64 48 12115
44 15 605883
7 60 175195
38 60 24606
48 35 484758
64 39 368776
70 66 888531
49 34 475620
11 24 525330
53 4 798720
18 53 647363
45 4 281376
2 19 78091
60 19 781593
40 63 286831
10 20 301403
59 53 699555
52 21 280619
12 68 502095
52 44 225889
25 44 331151
68 4 120826
42 70 337553
63 62 934933
19 1 290769
68 55 403142
37 51 266699
36 46 469836
14 25 229290
49 47 386377
13 17 735233
47 6 691681
1 15 765568
35 60 640190
38 62 201019
54 14 478475
8 36 50856
46 47 766276
22 63 374651
63 44 276192
40 69 304098
30 27 723629
29 50 140950
30 43 787621
32 8 590826
46 54 897089
11 42 508769
47 17 257756
56 2 597433
70 34 598614
46 59 443107
48 38 692144
23 10 495178
24 40 863176
60 66 917202
21 31 136159
35 18 848636
35 49 199572
24 34 594504
9 23 277048
25 35 309199
15 66 495471
41 70 654843
12 14 470645
56 32 801878
22 43 777013
54 55 1324
4 8 581114
14 36 984971
32 51 389600
62 37 552043
45 60 348053
60 58 195188
53 25 158067
26 16 807821
19 32 685910
62 50 226376
58 27 119967
1 65 499684
15 33 403223
38 41 164345
48 59 441527
36 24 290446
12 17 826503
7 38 221885
55 21 736577
42 13 697693
67 6 355015
7 63 896253
33 64 911479
50 48 567615
17 10 672495
10 43 546262
54 26 810636
25 19 567200
32 10 961769
65 23 328967
48 49 676707
17 29 241961
68 57 133212
23 1 476446
11 58 936446
9 57 104271
4 60 9409
44 40 755588
52 8 424382
5 22 526065
69 6 7624
53 26 763071
49 17 614351
54 57 477687
5 33 214876
19 31 27198
7 28 264007
69 68 170555
50 20 884882
33 65 709151
49 66 933604
40 47 290370
9 70 20882
19 18 794275
59 65 676995
57 55 609354
14 58 890925
53 45 399501
50 34 451847
48 43 376235
28 1 757332
29 51 928855
6 3 726505
5 64 678563
47 25 796273
48 14 294625
63 65 381671
60 5 990642
70 44 966127
57 18 605448
55 20 830995
29 38 183712
26 41 79203
54 49 950939
67 12 117488
10 51 87798
8 55 868874
26 23 296787
31 64 914361
37 65 82302
69 4 224226
64 4 893205
24 49 743876
64 16 780372
15 59 964904
20 24 232679
7 41 134720
16 6 894500
43 27 301095
60 42 227380
34 33 746881
48 44 382405
42 46 656849
58 35 480609
57 31 748365
17 34 208233
37 42 546218
70 60 438033
65 68 117689
45 17 851670
26 14 884143
7 67 171221
43 4 261467
5 3 541739
25 41 842741
2 31 714069
25 46 7861
68 48 561458
53 7 559708
16 51 681149
25 20 978607
47 43 252402
9 15 42547
3 63 834720
15 40 108233
36 50 735036
62 58 581533
26 50 880173
58 22 781512
60 17 258447
35 20 685194
29 5 836971
68 67 616246
29 37 389509
22 23 662174
62 70 471577
53 23 360504
31 7 8286
8 42 34058
33 27 620058
70 28 839322
42 54 3724
40 2 694071
50 60 846671
52 4 227416
19 40 940890
1 49 630447
31 39 993270
25 57 344542
10 59 499386
45 42 37880
51 67 855355
56 44 891172
24 6 693699
28 31 871037
22 14 19539
51 68 440075
21 61 973248
60 62 800542
48 40 852314
60 57 952480
25 48 65832
44 66 76680
31 9 388405
1 22 655761
65 60 833477
43 59 225396
21 53 177371
19 23 63001
4 51 856103
17 48 195362
62 9 17480
47 69 798674
8 69 148572
66 8 735927
39 14 500330
39 33 242956
26 69 487238
52 54 608676
23 17 37407
15 34 140959
32 57 414834
20 42 23704
42 31 481381
3 17 701885
45 30 744446
55 58 400546
54 53 720242
41 42 862214
16 53 944352
48 21 793472
15 55 280803
56 33 216996
34 56 398515
21 24 694416
23 63 441006
69 58 840184
61 42 529248
54 48 983599
16 11 110516
35 32 792239
31 41 561277
35 9 174183
53 41 754258
58 30 179339
33 48 774986
28 41 343636
58 36 555781
54 63 976393
32 43 709909
41 49 423148
20 32 965997
8 5 888606
48 62 793560
25 51 224398
8 15 394351
16 45 154966
12 11 827618
26 57 954907
22 67 69181
17 7 723962
41 65 549910
37 57 560408
67 30 343
60 67 86226
60 30 140523
8 45 165894
5 59 81223
68 14 77358
39 2 373740
38 31 164097
44 24 598062
1 53 916037
26 36 474696
32 36 190854
36 47 611517
66 22 28660
9 25 78700
21 15 85618
5 21 275382
9 48 144319
24 9 237504
51 5 790853
56 57 218914
34 28 670914
10 61 844055
23 12 120633
53 28 268092
15 29 498881
61 20 681966
33 30 622710
70 16 108093
35 24 889772
65 53 60582
6 7 742648
41 33 8815
62 4 360901
52 14 939359
44 51 561125
60 41 611470
49 53 557383
64 45 901079
44 6 503538
43 11 13955
33 32 540448
36 11 555827
53 6 730792
8 59 177099
31 55 270897
33 9 291567
57 35 411650
17 5 279653
42 6 49337
11 49 423231
34 37 419667
23 29 598861
65 40 547378
34 2 312712
37 55 287809
65 16 740797
68 1 638351
27 14 674146
8 58 550090
68 56 939166
68 42 830722
27 64 578730
21 36 707769
23 34 694478
55 36 532622
28 44 625180
22 53 775848
18 36 576714
25 4 343361
67 16 946281
25 40 216676
41 52 806620
67 1 107054
43 39 849904
59 12 758029
50 23 268093
65 36 35421
9 1 695538
35 16 226533
33 54 59277
41 13 669855
14 50 835081
45 47 497266
58 64 795287
57 33 72531
39 50 819462
26 15 933258
3 2 374733
13 24 259627
66 26 556965
68 5 548456
7 32 315696
35 56 345971
42 12 42171
56 1 407518
5 65 833083
19 59 760543
51 50 400977
68 13 39090
27 46 670181
12 69 780244
21 59 614001
33 7 565648
22 55 778236
15 47 176434
12 38 608857
66 25 248842
32 23 131619
