70 2415
44 24 133735
66 50 800184
20 4 14019
13 22 90847
69 10 794938
46 52 508072
13 64 947534
51 7 336783
23 52 606616
45 20 196745
5 18 794115
51 66 323160
16 57 619856
60 53 877721
35 48 746424
39 54 637281
55 9 798512
52 57 732143
26 3 625458
16 26 949890
35 61 583581
68 51 610713
62 7 132030
13 65 84003
24 16 438221
19 59 885880
33 38 537623
64 41 876099
27 10 499675
47 10 430832
11 39 512927
19 44 871834
14 17 937235
19 43 951775
18 27 112067
40 24 815651
13 42 157351
38 57 855644
24 45 747535
69 35 536366
59 34 759601
12 36 388133
36 22 759963
36 66 243601
37 26 186924
64 63 179980
15 44 498465
63 31 831111
47 63 485275
43 28 74403
26 21 502698
29 43 492004
10 50 314459
14 52 929719
33 32 73945
59 43 587472
1 8 627511
61 16 155707
68 22 469254
65 32 67304
28 63 612785
31 47 466742
31 33 808196
59 47 841532
12 44 360620
55 11 398448
8 55 832564
55 22 291030
2 24 979040
56 41 363564
8 18 392417
42 1 987366
10 65 124633
14 5 751686
26 13 765179
63 51 472642
6 10 531037
61 53 357511
45 46 507207
60 36 458351
48 56 410434
59 62 312946
34 1 440789
1 58 19596
41 31 954799
57 46 443312
7 8 462399
55 64 728797
68 48 116084
9 14 762612
43 65 422739
8 62 164911
50 28 181278
19 27 122402
5 24 431399
14 11 784935
1 24 263239
54 11 143187
51 29 183221
31 3 577657
32 51 486944
13 58 506505
15 33 297893
24 52 277504
38 17 909767
34 52 597503
66 25 533410
40 11 488914
24 32 547928
20 16 434788
8 70 597154
41 19 53815
3 13 209772
8 33 442793
15 23 735958
56 21 901258
47 66 990346
13 19 130322
22 34 493281
42 40 581326
8 34 240880
24 9 317298
67 57 26415
54 53 975655
69 30 646093
60 61 35386
65 2 130507
28 35 893937
42 61 364516
60 37 131730
51 46 859390
65 66 359324
20 41 428825
14 6 805281
67 20 447457
58 14 894041
23 56 52007
6 3 675688
5 55 758237
2 58 603655
53 49 497716
60 67 730489
42 6 871557
3 42 7858
14 19 169990
1 68 786056
20 57 73587
31 60 913082
1 59 631588
9 59 785384
25 11 691899
36 69 878876
69 41 9175
69 17 306735
12 8 492623
10 54 489160
9 48 137713
59 16 604542
13 28 817856
26 51 977539
11 9 944046
43 25 893679
31 13 190285
37 18 88572
49 44 663627
51 47 230366
56 60 877425
25 60 817641
25 29 575237
6 52 17938
38 29 174550
60 17 826087
14 1 635916
32 47 764501
39 63 122197
64 20 224751
8 13 206666
56 50 398257
13 54 383087
3 14 815175
42 15 986478
29 31 240792
43 9 777861
65 61 686808
31 10 283420
61 8 996084
34 54 495908
58 29 507512
66 35 895958
56 49 720815
47 67 557985
4 12 992217
14 61 36374
9 54 392568
27 58 906032
55 42 133357
33 24 115811
62 33 566330
14 69 847818
62 58 946209
20 17 217267
20 1 900188
11 52 510655
20 29 733855
44 13 795546
59 55 616790
50 49 693155
31 1 793959
3 53 730943
57 8 316102
2 18 271344
59 54 925432
11 4 826112
39 53 97315
3 44 512645
67 18 895064
50 57 121114
11 2 42603
9 12 619293
51 22 431101
24 61 224487
35 59 183594
21 44 829544
41 9 349249
15 35 80510
58 39 290269
25 62 104153
68 40 846601
11 45 743872
39 15 597104
11 28 30231
58 10 517027
25 26 865075
67 42 541095
4 60 417719
5 30 46902
4 36 82877
37 52 899962
67 40 93508
65 70 534574
36 48 415549
32 28 268602
56 9 931773
43 39 602868
40 4 379198
33 37 603108
46 35 519271
10 44 655844
13 52 305707
54 48 474123
54 31 720031
4 21 416970
65 67 304913
44 17 712322
66 60 497553
56 64 320909
43 46 880814
38 48 774001
16 43 636987
46 67 476146
34 56 740536
16 13 551437
47 18 577037
26 48 842242
22 8 255457
37 65 991911
32 10 228932
68 66 345492
35 55 443600
57 43 889773
61 62 901253
58 45 173788
5 52 115037
48 14 214408
55 54 711442
43 7 883262
51 17 392136
70 12 749006
2 68 911860
37 17 187567
22 29 519401
16 69 212557
30 39 65101
24 58 871390
55 17 317713
41 30 49868
49 18 995468
14 36 923160
21 7 18091
28 40 532915
44 22 602407
4 13 99559
24 15 859593
44 39 191347
5 37 47727
34 60 991669
40 22 787532
26 58 124273
30 37 933816
9 70 39046
69 8 252578
32 69 161252
48 49 185512
25 6 275407
22 4 289378
70 57 354655
40 61 970406
22 45 778837
66 10 34709
6 22 909006
14 46 411267
60 51 110271
15 13 633678
27 13 890851
6 15 696915
12 69 903872
31 26 51486
63 10 748228
67 39 655970
39 32 987494
52 32 431443
28 36 823171
10 11 149605
15 11 351209
29 7 111161
35 40 24244
16 23 930233
6 56 459056
47 46 159038
40 27 923322
47 39 815260
24 56 298805
69 19 161447
66 39 298311
57 23 33042
57 34 909442
62 15 816230
57 39 750350
27 64 288118
54 40 259892
11 53 200390
61 46 126005
39 4 115668
30 20 238259
16 12 489139
46 44 319377
61 47 316993
64 32 430043
27 24 84440
24 4 263779
55 48 23540
16 29 975562
18 65 888217
46 53 110842
5 3 168662
1 63 695
12 64 109248
58 20 514418
45 53 300403
62 16 218617
57 28 811219
42 21 144393
53 38 193478
40 10 119971
59 63 841349
68 53 959408
2 61 626782
51 1 426699
23 25 751774
41 33 288290
40 30 589709
37 11 402422
32 3 254216
8 6 290056
46 62 441936
13 57 646371
63 70 618438
68 41 182571
62 43 44476
12 25 582341
21 16 966881
19 40 20569
33 12 307340
69 33 653281
59 15 572711
52 49 939994
54 4 303690
10 16 986635
26 12 382934
29 2 756714
24 7 215591
28 37 16184
3 21 753486
3 17 146105
49 29 648583
23 34 620971
65 46 332593
24 63 50584
7 9 81944
55 57 659871
56 37 614002
38 70 847271
2 20 486608
45 34 405965
40 62 729156
17 49 293760
70 52 473967
52 26 748947
47 24 553784
62 38 121221
19 17 357686
40 12 77306
59 39 987408
44 63 889107
42 7 956833
8 9 759656
4 55 929296
31 39 655254
18 6 903394
40 55 590952
54 12 283948
51 6 265698
48 51 649973
59 40 571833
11 47 400043
57 35 310921
36 58 412959
12 56 807318
9 17 972172
14 4 471802
66 19 841027
11 17 117352
4 28 798373
37 44 934482
7 38 633880
47 62 694453
41 5 673064
5 10 416985
57 37 170121
8 47 599373
1 57 66541
23 48 467867
53 21 22492
63 4 216698
10 14 401076
41 62 440308
55 68 721513
49 35 116238
69 38 744359
68 12 140830
63 67 35819
40 36 225252
56 58 843840
47 35 489206
7 66 783039
69 68 313141
48 4 602384
36 65 994607
70 11 55693
60 1 575782
8 45 906697
32 70 128468
52 62 475640
26 35 800227
26 64 536709
24 43 211575
24 66 329142
16 11 485919
59 66 393728
1 9 246146
62 14 38093
28 30 717715
20 50 169625
30 58 916665
42 25 597653
3 59 771358
58 43 353615
5 69 756023
66 5 921660
35 38 200549
48 32 717694
36 19 180673
46 56 719393
17 5 126543
33 10 894745
24 30 539205
20 7 200627
44 53 482004
59 12 190868
24 67 103233
51 65 53413
42 10 84605
2 47 628422
11 41 247281
12 7 430327
16 49 997832
37 39 565644
34 68 751579
15 66 681472
27 70 114786
22 11 584874
58 37 498776
33 44 879961
24 62 790870
65 53 31864
30 26 993947
3 12 692411
9 45 58888
15 67 42678
62 39 507587
61 17 616370
4 53 184845
36 44 901187
69 56 882533
66 37 1946
50 63 246523
69 47 99207
34 24 383970
51 57 259689
31 8 378293
56 14 943382
51 28 80760
65 44 655238
3 18 512025
34 36 59376
40 32 535576
58 55 323830
43 61 903822
22 27 679376
54 35 128036
18 69 704658
39 27 157444
21 34 661345
21 24 824530
19 28 620048
27 37 39121
53 69 172700
33 36 270237
30 10 880074
30 19 161179
60 48 992589
46 31 458992
48 31 951138
56 13 780404
10 7 605997
9 66 148375
65 14 166624
15 63 878219
69 28 245841
67 61 405256
66 18 370515
23 37 601720
61 45 360085
68 38 170466
2 28 72810
49 15 893857
40 21 785782
30 35 422820
32 38 48267
7 57 972650
1 27 609931
48 18 439703
60 24 101467
51 61 49881
23 11 61341
35 14 724230
13 67 884133
66 27 306935
45 37 291046
27 29 550119
44 5 383536
54 14 887326
17 45 467028
59 70 409084
25 15 499471
6 59 281545
12 58 236420
9 33 677997
26 68 638071
8 37 881013
47 56 109337
17 1 680712
19 52 63007
58 31 525872
21 22 891016
18 25 655030
30 2 8334
40 49 471788
28 26 610590
10 55 256818
22 47 318820
55 28 408852
49 5 169242
18 13 917692
54 45 435610
58 65 130162
16 3 883493
52 17 905243
58 6 272986
50 68 561782
33 64 920056
18 16 61865
31 5 146554
41 61 818938
14 70 250738
51 42 436946
34 39 535131
19 65 253114
68 39 557702
9 46 548428
16 31 263923
57 45 12758
61 18 876333
16 30 972261
35 53 661549
64 47 253828
49 31 387350
59 2 909048
63 26 778113
38 23 764883
63 32 685545
13 39 323046
70 47 475376
60 16 715166
36 31 716394
17 33 788086
67 44 471796
69 20 96595
60 18 256834
69 31 494701
21 61 483711
18 43 517862
32 31 889034
54 44 337960
51 40 586789
19 63 291544
58 8 339440
53 59 56195
25 56 335906
49 41 915789
35 24 56076
22 5 586974
35 63 267808
40 3 59964
13 2 27406
11 33 617515
34 38 435166
68 23 544898
56 3 534034
47 42 631743
25 28 958114
62 49 218384
13 41 521623
10 18 184984
29 52 513696
70 19 94127
10 25 937197
50 64 659350
68 54 756551
41 39 346141
68 32 414320
40 53 365481
19 42 813507
55 14 336518
58 50 191730
43 52 755980
47 52 651489
34 61 315252
65 38 455350
3 48 409981
27 17 534801
46 32 492440
23 22 790905
30 66 10274
39 65 145296
22 53 28402
14 51 865375
1 36 733809
41 43 125599
16 15 706050
10 36 116212
13 25 886768
56 30 787965
47 6 383726
50 47 687163
15 65 129872
40 60 255832
44 1 772483
22 24 1506
68 63 215693
66 48 301299
7 64 140189
6 11 29449
69 29 884638
40 65 488709
10 49 715066
33 16 71276
16 48 959229
58 66 115279
26 8 910209
60 29 428577
50 51 47675
45 6 400490
59 13 302116
5 53 775260
59 37 863523
26 10 293250
56 53 646912
48 6 414216
11 64 807469
3 10 995523
15 17 959832
29 70 227264
27 9 740371
6 41 683233
42 38 296166
30 18 496343
45 36 77186
31 34 109219
25 48 576913
28 5 787228
1 5 529364
45 62 731434
26 6 317910
65 23 834005
13 33 29708
23 18 32358
57 68 25999
59 56 297280
11 13 274246
33 42 675558
55 69 836364
56 1 526631
69 11 916628
39 61 899602
31 68 970363
33 40 794528
69 51 514792
1 45 951949
6 62 812893
55 32 947884
51 2 89528
61 50 741083
53 27 2901
46 37 872896
3 8 598398
13 53 670832
45 15 691473
14 41 568347
43 54 494241
70 41 289840
22 15 440811
62 10 872731
37 61 445738
63 27 804736
28 56 237232
40 69 784718
55 34 630116
65 48 410810
46 3 977651
50 26 628542
70 37 161582
43 70 833744
46 40 804425
32 36 311297
11 67 925625
45 70 472630
61 49 861250
14 23 684344
60 45 938728
51 10 395345
26 55 119672
57 4 221096
10 21 286527
35 43 605649
2 31 14488
23 20 396181
60 38 788453
64 53 280527
43 40 40607
1 26 370242
43 63 736557
2 8 456530
52 28 913431
27 8 885168
4 37 55484
55 49 156276
27 23 43394
12 28 433259
24 19 566332
2 49 759474
41 48 933366
63 45 534180
62 36 521171
30 6 765276
63 60 188496
8 54 990539
63 58 40833
67 66 350534
57 31 612848
65 4 186357
44 31 675503
4 45 34551
51 34 193676
60 2 278281
70 34 414747
25 45 53057
23 5 540004
7 18 162778
11 7 266429
26 66 886091
67 69 13886
22 67 50054
12 57 98779
19 33 792574
23 1 503110
34 19 495351
5 43 731066
69 46 961935
62 54 298137
23 7 299606
64 61 77338
39 42 746975
64 9 655924
15 32 422897
42 37 648937
40 45 801852
16 8 845087
59 57 497531
37 64 875885
20 39 455810
28 20 377134
61 32 619781
28 58 225277
15 41 222033
13 29 143612
58 11 665605
5 56 725259
36 24 788460
67 17 801286
57 30 513375
47 33 377255
32 59 290626
29 45 578341
18 21 795722
30 34 24876
59 67 933974
20 42 873113
45 59 660547
17 4 938902
45 30 638919
62 66 28101
46 60 213427
18 52 567014
7 46 959963
38 20 25163
6 70 556444
18 15 941535
10 45 95433
43 49 858593
56 26 677642
13 38 678489
55 21 951312
17 63 444342
41 58 942456
29 34 511366
61 59 27714
64 22 86146
37 34 370667
22 3 148501
59 68 375526
50 16 870938
62 57 983296
49 34 917338
64 36 106109
4 52 426387
54 2 229924
36 29 126165
44 26 783800
9 4 90456
48 21 512642
54 15 217605
1 38 398749
61 13 653604
4 34 641350
23 66 162898
2 12 600862
9 36 5792
62 29 403226
62 1 534361
58 69 204772
42 2 55237
1 32 309311
24 23 285630
67 3 46252
45 2 48731
32 43 535219
17 58 905373
39 8 293565
14 49 244280
25 21 487812
44 28 639234
32 17 112108
49 38 389997
55 44 914089
47 9 13955
29 63 527261
54 70 579527
2 38 445728
46 55 255197
1 37 305087
13 43 145770
24 14 547721
51 5 309119
50 38 679571
6 36 734609
6 23 924444
46 25 78228
51 3 155226
24 55 48628
41 26 202525
44 57 700946
66 20 922439
49 58 635797
16 46 239414
46 27 421115
65 49 564582
53 2 198061
7 33 710441
34 16 569634
23 50 944016
12 51 107184
52 68 232783
60 47 237630
8 29 159619
52 8 257375
23 54 255690
1 49 458754
55 37 429299
47 21 802342
33 26 170232
39 51 242160
14 59 457277
35 2 893590
38 64 970642
27 50 394431
47 20 139775
26 11 164564
10 29 892817
26 40 849688
3 35 180404
25 4 930775
19 56 931922
45 41 958046
36 46 6769
28 65 309211
68 16 316293
44 43 242623
11 3 684079
33 22 4738
36 8 817288
19 51 21948
41 12 128615
29 5 840281
48 43 227321
68 20 106715
50 48 642058
36 21 285267
4 26 756710
5 8 145675
50 11 594926
65 60 855094
17 54 241074
9 65 742191
70 56 458649
58 68 935295
7 67 513928
55 47 982546
65 41 842954
42 17 85008
56 57 391973
49 39 851126
51 70 363522
26 27 102493
41 34 958238
6 40 351297
11 62 536931
3 28 453375
50 53 647151
41 21 378260
50 62 203071
63 38 173187
37 21 594116
12 23 726952
17 64 548918
27 6 692264
12 30 989116
27 65 845707
10 37 558527
31 40 364368
31 7 882738
63 65 565559
54 16 811008
35 62 851546
2 62 758286
59 17 946612
48 70 428835
59 23 239537
14 44 67440
26 47 14995
18 41 812826
8 21 967617
46 29 604004
3 61 946327
60 5 174628
66 56 588118
29 67 834182
10 38 618511
34 17 665048
22 35 76787
7 16 783123
49 37 918103
12 18 445834
46 8 744544
70 15 472248
63 23 323026
33 49 975513
22 56 889929
41 35 310541
17 40 231297
6 17 568874
28 10 299805
13 55 45135
14 29 136748
36 67 74789
67 26 679613
56 36 370286
14 31 705222
59 7 746606
9 68 760220
54 57 556569
45 49 117857
3 4 902085
28 38 694537
14 25 289844
2 36 30496
34 53 956155
3 34 767330
24 3 973595
48 15 579388
8 50 271139
54 18 30001
6 55 740717
67 8 807000
66 1 580931
33 43 376686
16 42 871172
48 59 575553
37 50 641150
52 36 839189
19 21 456195
30 67 415918
58 52 703452
22 19 683957
58 53 597932
35 21 423864
28 22 769534
14 30 599430
2 1 136369
65 7 920985
48 52 73319
3 66 366396
51 53 597234
69 65 804949
12 62 192243
28 34 736479
55 19 250443
70 39 608833
28 6 822864
24 51 508719
30 15 577033
34 66 488564
27 15 472430
56 35 212105
32 60 403359
48 45 740875
38 14 104377
4 69 625312
35 37 352732
46 66 202240
69 34 686244
20 70 403607
67 55 729072
30 33 436235
15 4 190835
65 16 514529
19 7 66960
35 32 765388
40 23 662893
65 52 618360
27 31 78712
13 68 354905
61 27 870256
12 34 955918
68 18 594671
36 18 467539
57 2 90674
9 2 845496
45 56 896866
64 54 40784
56 17 688743
22 62 177610
64 4 546754
1 55 218874
61 58 250991
68 30 781118
5 36 585446
18 55 162711
13 48 43979
29 41 739103
53 31 910550
8 53 579982
66 54 681231
51 55 285523
54 25 172064
10 53 936277
41 42 82742
26 23 326431
16 25 605854
70 49 575136
64 46 439142
29 26 760007
19 6 884088
13 45 482743
50 39 546526
28 31 806913
29 3 831256
51 30 50033
60 64 600502
21 63 15145
57 10 453173
51 52 586620
1 46 805983
31 20 655576
39 2 435221
20 21 250184
31 18 926675
70 40 522923
30 60 466697
29 66 845058
36 55 375198
10 8 696786
11 59 819254
4 68 729098
46 33 850973
61 66 178653
38 56 808166
30 49 189956
54 28 580926
13 36 783289
32 12 17407
13 12 572635
33 50 507928
59 29 997100
15 58 398547
28 64 76219
68 70 802607
22 42 962311
10 60 220715
28 61 196062
37 51 174657
26 45 622869
65 57 616479
35 20 934176
11 5 404873
33 59 839832
19 1 486484
67 5 221326
52 39 732766
14 26 713954
69 57 407954
59 31 11396
33 68 570164
14 37 492385
62 9 654080
25 36 624668
37 22 305002
69 37 417238
32 30 844897
9 22 929559
29 17 875706
59 36 635002
69 50 104246
14 12 11484
6 24 97464
56 27 446773
15 2 373594
51 56 410627
22 31 736855
20 9 367250
1 16 387571
8 66 475497
20 13 135554
49 27 177493
33 29 374559
33 45 94158
54 27 806522
70 18 712728
29 6 773087
12 15 541974
35 9 512680
46 50 837730
42 9 751831
18 62 810792
50 7 86147
27 69 112286
46 49 240491
70 24 580066
6 46 805916
35 18 888600
23 69 768522
5 2 976579
41 10 105735
56 4 828150
65 24 426978
8 60 670355
50 2 63581
58 22 525170
28 48 428117
13 21 406497
14 21 656136
22 12 843862
16 37 935838
43 3 588399
38 8 581638
40 41 945633
11 51 76884
13 23 575499
53 25 573085
47 48 949215
3 68 465104
31 66 806191
24 31 259278
1 7 441478
65 25 974062
51 59 809671
67 70 822973
18 14 428372
53 52 363712
33 54 899431
69 1 945752
23 51 294176
10 59 158873
17 62 834153
47 30 538937
38 26 821071
41 32 193836
67 16 621400
2 48 448215
64 52 378738
65 20 587529
60 35 683809
5 15 665948
59 46 480438
3 55 528528
60 28 990739
52 69 707147
38 40 659457
15 52 336352
53 37 21226
13 6 172257
48 1 624069
35 68 801149
32 42 609572
65 47 901236
10 2 199376
39 16 437230
25 32 449793
37 9 423843
21 54 961450
27 33 749281
28 24 849585
47 37 596553
42 43 5239
25 49 192239
8 51 386398
48 19 581936
66 52 643751
3 50 117137
13 62 258268
53 43 257232
38 15 528576
18 51 128227
36 38 226397
27 55 562929
45 65 626437
2 37 99101
45 16 869226
19 62 500580
26 57 838156
68 64 550976
10 61 946141
18 45 993645
3 45 627439
34 46 568163
39 40 940402
65 31 869601
3 69 427296
25 69 459569
25 31 197208
70 10 602825
15 1 674471
58 5 103886
6 66 400729
47 16 958913
25 24 150148
40 13 379998
11 46 99033
55 38 284210
61 26 245584
32 6 832987
3 64 818695
54 67 205816
30 43 5201
16 19 199682
17 35 210018
20 34 25590
44 56 841074
7 60 350342
2 4 461113
63 16 107428
33 53 932281
50 24 194331
68 6 735696
9 50 856964
19 53 664560
50 54 403088
22 60 183205
65 11 370836
38 46 281639
56 43 144626
49 6 571936
29 47 416623
36 54 565460
12 5 752205
56 20 744866
16 14 719859
62 21 305830
7 61 329834
57 66 329011
34 42 972220
6 64 819594
30 64 621229
52 61 932515
43 66 881409
32 14 552925
35 50 754337
52 31 90697
59 38 994543
54 38 748739
35 29 229217
17 36 629831
61 57 676528
41 67 239055
28 41 361513
57 14 718762
35 8 129413
23 67 72964
18 42 408933
33 67 241986
15 55 7876
39 6 7567
66 45 462637
53 9 589140
18 28 183212
58 64 588318
30 42 609242
8 32 390609
10 15 75216
10 68 749981
55 2 859984
69 45 285296
16 66 631560
30 27 215312
20 6 384508
46 5 934962
25 40 211770
66 44 974760
23 28 233070
19 4 595415
45 7 127612
35 6 165639
37 54 570086
38 24 71323
61 48 100920
17 12 75054
34 25 264574
41 53 25204
55 61 591389
15 50 555404
62 34 254848
9 25 88577
19 3 289117
47 1 35352
1 6 972016
44 64 394065
10 56 226842
9 10 944969
43 8 364026
23 17 31241
55 56 24507
65 3 574658
5 38 276206
10 43 401619
24 41 296428
20 46 633103
41 57 509153
47 34 896419
8 14 961663
25 39 925227
63 52 279440
35 5 438906
20 5 649021
19 10 464161
10 48 961020
1 64 186714
18 44 318850
62 31 807929
29 68 203253
21 39 418407
31 43 373946
64 8 105786
27 62 175372
48 58 861284
7 4 642432
7 30 82666
70 2 577505
5 63 784757
55 29 50165
9 26 937333
9 18 309795
67 2 234956
54 61 140670
31 9 695763
70 61 747057
58 9 270820
59 30 738672
33 58 80280
53 47 645778
1 43 450392
29 9 199094
25 7 77627
59 5 958317
21 6 970924
68 46 90137
47 36 40431
20 36 941013
11 31 923328
34 5 469332
64 66 103722
3 63 885826
40 37 230146
56 63 244461
46 13 669388
29 44 392957
61 9 311145
11 20 269535
45 28 332515
50 19 756126
4 62 108205
10 22 56710
47 44 713017
56 18 709997
36 7 198913
55 16 53471
33 4 107395
36 16 152894
38 3 895261
49 42 557001
10 13 199366
67 38 71905
20 60 460323
67 56 206995
4 67 745886
10 24 244991
60 59 186203
43 34 297967
10 46 400711
46 26 508204
70 66 560254
69 60 598999
7 58 162741
42 44 745555
7 28 731469
60 27 679048
27 7 133545
19 61 728153
19 12 805662
27 28 340101
40 16 872705
55 50 985292
40 15 607020
54 49 264761
48 62 250008
30 70 965802
31 21 954601
66 13 765878
14 67 95752
24 42 607374
16 32 673077
51 54 487831
58 42 113444
22 57 844647
24 12 248408
63 40 370852
51 58 196829
1 13 906058
16 41 246669
13 34 965321
41 37 606099
33 65 786921
35 7 627240
32 18 485285
22 26 996373
44 50 529162
49 4 675450
31 51 846143
21 5 31245
66 69 476979
35 11 792365
34 9 552710
38 43 546286
67 34 970854
46 18 255496
65 17 901977
12 50 479418
23 43 647524
26 70 163862
27 21 672544
61 38 517826
16 6 134201
33 1 643443
23 55 526452
35 44 611664
4 1 857168
57 24 298534
8 24 638065
69 49 725718
4 41 618442
46 30 631478
27 4 336381
70 60 144130
2 21 891821
22 54 784940
6 33 227404
13 37 192081
63 34 553679
62 64 765729
15 21 67966
14 13 675673
47 15 539114
56 40 603937
15 57 271993
30 65 95554
52 25 606253
32 57 162577
36 15 937373
30 9 17338
37 32 15054
23 49 322164
15 34 552184
46 2 733749
63 66 707330
20 61 683331
17 7 600358
59 26 341797
33 51 579051
67 6 347076
16 35 516215
50 13 980446
20 44 89042
11 34 253433
35 19 124335
41 54 760672
35 33 125316
6 60 646723
28 46 759459
63 8 718188
6 63 79050
49 11 989647
2 52 304331
57 21 986615
47 17 874239
55 60 916615
59 49 726188
19 39 378255
8 56 593997
22 2 102966
63 61 599432
67 27 606232
45 52 423577
64 5 447838
21 32 963398
41 63 57589
44 30 241566
59 28 632625
26 54 296772
68 42 87528
46 54 705901
64 67 284807
28 15 143379
24 69 295429
36 3 911779
8 41 885691
20 51 958813
33 23 815813
13 49 903210
4 38 402472
47 45 309259
45 27 144283
23 46 643862
56 11 880710
50 21 277000
10 12 590888
20 25 674703
18 38 953837
38 58 175392
27 51 641540
13 30 182021
39 1 547051
36 23 222822
23 19 145930
63 46 397512
5 19 193011
66 12 881033
14 45 521260
28 16 384131
70 53 795052
21 51 277257
54 65 806020
44 45 83803
20 8 837094
1 10 369164
66 22 704164
54 63 387352
45 21 811859
53 32 200382
35 13 268311
46 21 20076
51 36 863662
24 48 805857
70 4 923671
25 67 877791
25 35 144906
3 7 758196
56 42 282868
45 67 413433
27 3 545238
38 39 119759
62 3 753938
43 37 456637
53 36 416637
45 55 652637
26 5 84249
11 61 875142
70 1 506776
48 22 147989
43 20 961677
21 12 495848
16 17 70747
60 42 520581
64 19 50011
52 40 592782
7 70 432578
66 11 185084
9 51 802779
39 60 616326
51 64 214533
41 27 829209
60 52 952812
30 38 98765
6 4 76385
55 53 855517
18 19 835288
15 51 835592
13 5 286031
70 17 401267
11 68 751121
53 15 927769
53 1 960484
70 28 44078
70 13 765759
20 24 516893
48 40 184165
17 21 563863
45 39 86151
41 25 908920
16 53 408653
58 19 179388
50 31 668414
19 31 265376
3 58 358133
11 38 904446
66 40 269983
43 55 644866
51 49 812793
7 40 426446
65 22 196308
33 20 761056
5 40 333921
37 38 874133
44 7 34116
53 42 412358
25 2 86709
55 33 995894
21 58 89976
25 38 525351
69 44 161655
11 32 739145
39 10 678325
60 49 487906
49 57 7121
9 16 48511
39 36 615691
59 64 699425
1 54 573553
20 53 743663
59 58 586365
35 1 360787
56 39 844204
38 47 173538
43 2 572942
50 65 20212
7 32 849310
52 59 868837
27 11 900629
20 3 494398
58 57 687559
29 37 582135
60 41 285926
68 67 812116
70 22 549574
15 64 894176
33 60 916511
41 2 942282
59 69 945879
12 63 559545
1 21 793633
28 66 988894
67 31 761393
61 23 108701
42 52 873942
37 12 562313
50 22 772492
4 47 590986
66 33 429843
11 60 515707
64 42 241930
63 30 393054
32 67 19369
12 49 521696
25 61 658850
66 38 882635
50 43 415768
36 63 133711
28 21 187784
2 19 699856
11 12 781483
59 27 837674
42 45 204324
13 47 646673
45 31 996898
41 55 348387
60 58 887435
14 20 154819
67 1 502950
38 22 198669
6 61 200417
3 49 36919
60 44 222923
44 9 403253
16 4 476072
41 47 14340
13 17 634414
29 24 708986
10 64 218184
12 38 321875
1 28 530650
49 9 863215
14 22 554592
4 8 908577
65 35 931706
64 29 67030
9 5 111505
34 18 970641
15 20 558681
33 39 202865
49 20 319361
64 40 370004
57 27 809619
66 14 545868
26 24 513060
42 11 432695
33 70 745857
34 6 962627
64 23 350349
42 23 531399
68 21 727850
26 60 626587
42 48 573739
5 62 653777
28 17 112364
11 44 316354
60 21 177280
23 21 735809
14 27 549510
43 14 130811
59 22 589970
57 5 397631
22 63 956407
68 14 201136
28 49 355445
23 70 297027
59 20 943602
16 52 544365
54 20 889990
47 68 168845
1 12 539913
6 38 611460
29 65 637330
36 35 426855
7 54 85723
32 56 858749
69 48 17985
63 14 687810
67 48 630830
3 2 32952
67 19 859691
68 17 685272
20 10 307211
3 60 936412
21 11 454174
12 39 15112
19 37 40362
63 69 429981
35 52 828775
70 50 778953
61 36 155388
17 41 360688
58 25 31880
12 47 934347
42 69 567034
37 68 675997
69 62 109334
69 43 673457
68 45 885527
12 31 534894
33 52 852871
35 34 370069
33 5 356475
65 42 514604
59 4 743541
14 42 884292
32 66 770179
60 23 48072
36 42 322926
4 32 766324
48 30 268316
43 26 361326
50 1 597754
35 67 660318
31 6 206678
8 40 282029
14 50 6456
52 1 103414
19 25 478255
57 63 824103
34 26 384291
60 54 125691
42 46 583297
27 34 356542
3 57 650937
49 47 867984
58 32 885403
64 16 439488
50 41 642887
33 3 400092
18 53 967335
5 42 679577
22 39 495741
46 22 73668
41 3 853491
9 40 717165
12 60 973976
30 62 903036
44 34 559142
57 64 119637
42 4 758358
69 2 63315
53 57 346074
39 35 87299
5 68 473133
46 12 817584
62 37 686391
11 57 574084
18 59 149399
38 19 313947
67 53 798733
25 47 604114
17 48 139950
31 64 625364
40 50 312125
30 3 168631
25 8 907011
44 61 961042
38 52 509083
9 32 740458
22 30 938967
34 40 679553
48 7 767620
30 31 573256
54 69 89453
40 47 619335
64 25 870067
68 65 865636
29 50 779041
11 48 669663
52 30 623978
62 26 295815
8 42 744260
63 11 232626
17 57 322669
12 61 672564
23 58 148131
42 57 672253
67 49 780384
24 18 754725
15 26 671723
24 13 885789
53 12 165917
39 3 838359
6 37 488023
65 12 161890
16 58 820662
25 30 782635
19 68 237248
22 52 507849
19 9 636071
3 70 29092
46 48 963225
1 18 266116
63 42 260499
6 57 346843
29 32 726720
15 37 107990
28 53 994141
13 69 501332
24 39 451803
19 32 304219
68 43 29976
25 70 152835
58 46 691959
25 5 908974
17 2 205837
38 41 242995
15 31 812341
55 25 778764
25 59 187396
40 14 482585
55 7 3978
63 9 26394
5 6 184677
49 19 364935
39 7 759434
5 7 207298
19 57 456833
35 58 31756
21 52 449442
50 36 435674
34 32 740717
31 35 250877
64 45 632485
42 27 201926
22 18 749663
2 14 379313
33 57 218323
59 44 854821
65 62 964156
1 11 100985
9 28 927664
24 46 132556
69 15 694012
9 23 56819
26 36 649816
12 29 703862
44 40 638533
21 29 846362
1 65 302682
2 26 111525
35 70 481119
27 52 218940
39 46 365297
38 16 117961
37 24 486150
10 4 149526
8 28 659345
50 18 28774
61 56 49024
41 36 778746
44 70 108832
8 44 928047
9 3 467237
16 70 778291
69 39 815827
23 32 793845
36 37 533189
44 52 824671
11 8 692952
13 51 898068
30 1 906566
68 62 201603
46 70 398335
68 7 971806
48 37 884625
41 46 517264
33 56 481280
27 25 165234
43 15 961953
35 51 653552
58 54 670637
29 23 452366
4 44 382445
54 30 585007
62 60 600792
35 64 899538
5 45 375917
56 65 143668
36 30 641720
18 33 796621
29 15 565043
21 59 936786
5 16 657605
43 60 683111
28 47 918546
39 9 248052
5 4 4898
67 43 752880
26 7 498107
49 68 565616
40 18 906839
62 56 922881
23 30 89083
15 46 199071
53 62 31357
20 52 557033
8 23 898363
62 70 650604
4 29 734285
30 55 903726
22 61 809074
63 55 931884
53 29 207960
43 64 970593
52 67 249531
18 11 507348
19 26 741122
68 56 541441
60 68 865158
5 27 826384
59 50 838165
50 45 733917
48 12 754842
44 27 622155
38 21 706770
35 42 151262
43 47 871457
58 44 555592
1 41 117071
23 10 731969
50 52 204708
53 66 177904
2 44 124108
4 46 184931
27 68 690762
58 34 405327
63 53 95699
11 29 768883
51 38 873546
66 41 196616
27 16 194200
36 68 294363
66 42 833601
39 55 870961
52 9 998736
22 7 810300
53 17 428261
16 51 73108
10 34 382802
62 55 365201
22 41 873793
52 3 577086
1 40 869818
20 19 496740
44 48 270589
8 65 796662
33 61 403169
6 12 344083
30 53 572714
52 12 144642
31 70 169451
59 24 935668
15 60 233810
20 22 89456
7 53 712201
62 67 86312
29 54 241276
5 70 103273
70 42 245383
28 39 956162
11 24 427824
64 24 259352
50 4 794832
56 15 857664
40 57 307846
12 42 412782
7 13 691051
23 39 874698
61 5 233286
67 37 848624
47 23 691319
47 5 23930
48 27 855851
2 6 324671
2 32 936974
48 33 262532
45 23 686226
40 29 968375
35 10 364994
43 27 785332
69 21 819734
8 48 449672
65 5 984353
26 42 536623
40 58 885341
15 9 615483
34 48 236670
60 50 848549
54 47 933783
37 7 278904
5 48 412804
45 35 316124
31 38 257007
17 46 875453
17 18 811453
50 25 217387
10 67 976100
37 3 138868
14 53 200203
36 57 705539
13 63 652437
22 1 975380
47 3 72721
29 28 693325
29 1 385015
41 7 324416
43 6 93006
4 51 446178
45 19 856790
53 48 658620
4 35 510231
69 26 425198
17 30 26607
49 32 204658
6 50 810875
42 62 544826
48 20 924775
49 8 654099
25 51 843281
17 26 529626
54 19 279875
63 18 200884
32 13 357566
29 42 988297
68 61 859757
8 17 468341
14 28 331899
32 50 518729
27 35 974083
65 26 713332
37 25 553019
30 11 635307
9 67 708365
67 12 823444
26 20 320950
6 7 436362
24 54 364375
3 1 173282
44 38 453492
7 69 445860
60 9 800195
2 63 868813
56 29 895399
20 18 376158
49 7 144564
7 52 881273
62 44 959550
51 67 638278
68 8 158476
36 70 312615
21 64 175484
5 39 106832
13 9 541344
64 39 210493
30 8 913238
56 2 394472
9 57 790703
67 21 599460
58 18 290459
47 58 213706
36 27 737096
27 32 617592
70 58 344856
26 39 241305
32 62 372788
2 40 737998
14 7 520872
25 68 951839
63 48 979010
31 56 579931
18 26 664916
53 26 24710
21 70 353051
68 24 406290
59 65 562975
31 23 636293
3 54 959035
2 7 605399
21 65 672026
61 1 571173
15 8 217459
49 66 135305
37 63 570782
23 53 211213
23 62 431801
60 57 403600
15 68 868241
42 59 172043
21 30 983436
14 39 914944
42 50 686412
38 45 629346
62 20 370052
27 38 836080
48 29 618299
10 17 390079
10 52 988331
36 11 451601
19 46 429745
39 18 962905
43 4 448188
25 3 261481
35 23 891626
34 14 877432
65 34 347168
52 54 880025
49 36 241399
69 22 709237
49 63 22509
41 44 141038
25 63 795872
43 22 853435
45 12 641083
51 45 406999
56 54 775997
61 4 651427
66 55 105924
59 41 392093
32 20 74920
64 14 8255
2 66 91919
57 25 324357
49 22 986001
22 17 15731
6 65 7019
61 30 576221
28 33 979774
29 39 414313
33 14 504393
69 9 973034
12 55 446794
12 43 382061
2 34 154895
44 6 95023
33 25 367294
30 4 284023
31 37 505769
17 31 385556
30 29 903276
34 7 46346
54 32 394907
53 6 428851
33 21 438641
16 44 289207
32 22 533893
33 2 162442
45 43 785300
12 35 933164
4 58 273167
3 15 925583
29 18 947710
65 64 400409
27 47 975524
41 51 380039
7 15 244747
66 17 723554
61 15 215621
5 32 421643
51 62 135568
47 14 57673
64 48 436554
62 63 425372
2 64 249588
50 17 38702
20 55 133631
69 64 167258
24 53 322589
32 45 47617
32 26 457126
52 41 932189
54 5 597141
11 43 470210
68 44 806516
54 42 620753
57 18 504338
52 56 928029
19 29 465880
4 18 953118
15 19 881713
12 20 223497
59 8 290696
32 44 278583
63 33 468279
23 4 957270
50 5 898167
17 24 425305
28 42 354114
40 20 34952
54 6 528059
64 49 739172
43 21 447789
3 23 564644
17 39 838542
29 57 483971
70 64 329794
65 55 327333
49 24 425918
23 2 163144
67 58 822573
66 4 482569
51 43 960448
26 49 487929
34 50 376481
28 67 827868
19 47 770195
62 28 480766
70 55 389996
49 21 905990
50 30 397452
61 69 593192
2 16 850727
36 43 362088
31 61 118868
20 63 472519
69 70 181819
25 22 224820
56 16 831601
57 48 781857
20 27 261630
25 1 183020
25 44 47967
27 2 833811
19 11 882710
17 43 756704
21 66 28873
22 16 789836
60 19 834943
50 67 943577
52 55 494770
8 19 239909
28 68 804800
42 31 763188
63 7 430575
64 34 924543
37 20 806133
61 29 668667
48 39 874713
31 55 372831
56 7 23140
17 25 842482
47 57 725196
47 7 306501
31 4 40263
38 9 930840
13 60 74227
34 33 763103
60 14 270462
9 21 839964
44 51 645109
18 64 995046
12 27 101035
6 9 185659
6 69 442579
44 23 339809
15 14 837130
23 41 429356
