63177
83695
48301
74009
39571
65079
107218
58687
54929
47703
113353
78267
100872
100573
106416
57246
29504
54828
80275
92434
78165
58529
60244
56759
44607
112969
92350
56838
64663
106747
73140
71598
90414
63625
40403
66061
74886
59459
30305
36844
45459
48015
126741
74938
52411
58338
89169
100267
66628
55560
18314
109664
44586
84503
54449
64635
56480
90292
96009
65741
61820
68705
62492
65522
107117
81859
86025
66360
79721
74288
75567
98339
93010
52646
67761
91924
69400
68956
80862
72211
83797
43826
63818
93296
69947
76908
52865
72159
119679
72409
51138
64359
38112
94133
79073
46017
23212
73869
91125
54454
88748
68977
78896
67118
65433
36014
67405
51735
62921
65758
60095
64599
49565
46586
78763
71183
5048
84506
45512
31854
91645
31893
119621
79520
86264
31289
1855
46736
56507
97605
77664
85649
16937
33375
22347
75648
108370
30635
93515
48954
55642
76095
64923
97259
40872
105168
82533
71669
85238
60319
41661
60443
46606
58936
100488
105127
102745
30961
79168
64318
54111
97033
92094
104113
93717
95311
67606
45008
77754
87049
61658
95714
85063
57093
69524
51546
7505
64107
53000
86171
41144
72587
87760
63984
63920
76600
66225
101048
91116
75370
85055
69858
47335
69894
14788
111054
90822
27746
35169
70405
104169
49180
81230
111482
35631
87694
42848
69311
50404
70367
50449
24782
61281
102100
56023
72030
64027
77337
60328
80752
69985
82784
101556
71284
48848
75697
77213
20539
71942
57051
69988
76501
158108
45918
102803
57476
79044
9251
82840
66247
49746
71476
100385
83932
77751
112972
104516
45788
41355
103078
99964
14994
84076
68841
60508
70219
38271
96675
92041
70561
68045
58332
47381
35371
74212
95095
54796
114021
88501
60685
77557
86415
28189
66191
85977
80191
67508
38966
63785
84673
66250
109860
77250
85480
72958
97698
74502
44707
62230
20241
19232
100832
56744
59483
62820
63326
74137
71169
72644
28517
75241
67659
95367
87755
101989
77448
90407
64536
59571
69055
65399
105974
101466
75464
63800
48175
41399
86279
84208
50027
53173
73055
75421
57812
33248
35199
99724
44214
57488
54012
39093
59322
81743
64361
82018
81066
87180
63510
68633
28994
51834
106550
38833
69019
101679
85475
80562
61818
74979
45036
27250
79386
92396
88994
54114
36863
94836
52198
69688
71873
32249
52049
90154
96704
81389
40513
81127
42962
37309
103905
31643
68965
59361
62255
71816
42189
97522
96132
93696
59646
60079
94867
71094
66954
67155
47097
54319
70628
33178
136998
55629
64643
25522
111842
116798
47131
144752
56961
158887
129886
57680
70586
53483
107561
60205
48199
81330
55659
62264
89999
49165
62228
53412
49162
90946
54445
110276
81887
69197
98549
61488
75784
125058
44063
48190
70190
100919
128320
52094
38935
23704
49381
104691
59147
97314
79312
69636
85042
75620
70862
62161
72131
28823
80735
42978
60258
79937
50129
118624
76546
104411
24961
77534
66191
81549
59942
18700
82819
66275
54218
125836
84326
23059
59805
87807
110940
43662
76497
63433
93790
58382
71648
69984
83452
19384
78592
116543
57510
25251
43327
45854
32675
57677
92354
57491
28761
46547
61443
37897
45619
78361
111179
84378
71611
50214
21572
65486
58588
88328
61625
91738
89371
46881
48241
121009
39380
52304
33953
67638
71969
46406
99947
94458
89150
41634
39506
46272
45389
103165
37136
169215
81760
42819
51065
78441
75511
111494
48978
58435
88009
61527
82008
45741
49307
106588
77687
67427
85433
49969
101812
62526
100792
89434
45537
83833
83718
87941
85094
32268
51405
35367
40938
71404
70447
92126
73163
64749
58716
70913
53429
69608
69781
32196
93327
101482
89245
25392
75547
17057
107228
78014
96003
102056
42928
53376
53184
69838
59111
35484
112342
44548
21786
37563
69439
56857
82205
52913
54016
42674
122933
88167
58449
51755
103992
53056
75663
62574
69628
69647
66692
61950
60610
146692
41879
34149
57608
108106
78332
67429
38939
37205
54190
70653
69991
96816
21007
83365
66945
83797
21869
130230
81457
68420
73487
22095
45753
36038
95952
73365
57242
98763
54359
28544
58974
57196
74925
77090
64852
59351
74874
58696
99837
32126
102359
27778
79920
92868
64649
50489
78584
53315
85342
71084
57813
75781
46421
37963
39489
63097
70649
35324
48058
82893
48426
94795
75514
12057
81299
62144
80357
93372
53779
42542
45312
90332
58456
90504
53666
53399
112814
99109
143247
63429
98482
54471
67743
105150
51948
63251
51918
90398
47491
66696
114664
51716
55106
126162
100013
68092
94316
42902
53590
63784
86966
97461
74860
49308
45211
95646
56853
77028
112515
29190
39840
16045
75970
48865
75126
63286
57270
73360
47373
73914
25207
25819
82783
68919
62864
23046
83540
70095
26029
67725
55554
85919
20918
72426
51818
66613
85226
107747
102794
79618
77529
82566
69309
79503
91412
64808
43362
52388
73822
94445
111688
75335
77733
105226
38321
103049
70250
67486
38823
98762
35485
66052
83696
73267
69989
72100
71414
122582
78798
83700
59116
52432
81016
66278
109102
42168
35760
46267
106506
63753
49568
67968
89130
57582
66192
106230
57384
57995
57233
44537
56557
79300
36104
36795
10290
52296
72391
46392
42443
95285
63406
62549
101059
86460
89057
51813
129250
87743
74073
101038
80857
83532
123558
74489
60939
87797
37222
141687
45196
120578
24963
74286
83037
30128
100482
47306
76321
50567
29702
103085
31702
94559
52735
92488
87237
49251
36501
83344
89119
76932
119683
117381
68789
82332
83964
114997
65145
103912
55268
78245
54052
108464
88884
44517
83001
54926
66037
46320
66324
87526
116481
50533
116879
111656
52639
95054
27796
72162
101713
75906
73301
98763
67844
50263
53510
102718
47716
76988
82118
110683
92331
135259
59447
82741
61711
85752
74656
65495
48083
46566
103339
54385
50118
96234
69510
71961
57671
66969
76785
26489
45327
40946
71333
77881
66846
51432
91073
74629
71432
53704
60656
94088
77123
105106
21357
57052
91435
59270
95980
37381
81346
57260
63741
108357
59685
44939
112184
54246
97526
102105
52436
85690
51230
54770
73129
131467
72388
42746
63843
93327
108714
62611
103830
71530
103188
60499
26531
64086
101636
92166
71873
89063
75422
91220
101938
66564
22139
61976
21685
67819
78062
148742
87887
78234
17390
83875
62371
66830
97530
65552
73410
130201
76079
26990
78467
60717
70683
89139
118178
54191
127360
52744
95466
23280
66086
90493
67616
76818
55709
59400
59486
57650
89773
71664
47511
51687
65216
46914
133869
77429
80864
67711
74334
72235
72863
32327
76698
71678
24439
79106
102352
73264
77214
80833
109950
64067
91155
96346
53303
82774
78610
93840
47745
95388
123691
59224
55704
47092
85720
85543
33482
118474
71896
81761
51728
76855
106176
101475
104619
65699
72820
80823
41097
49233
58450
59673
55441
72097
26432
32298
76885
95044
95718
89734
39001
58018
88045
55154
65892
81782
115526
38882
65381
49469
39242
14057
68406
70563
41153
36090
62056
85643
41834
35598
82540
80281
64038
61685
59713
84628
21918
86134
49445
38206
55607
32757
113919
40050
78742
55173
60357
42296
25093
25720
43189
71825
87513
58963
52613
85993
94073
73438
61550
78135
92252
45053
73642
64538
83546
53569
76999
82494
87337
72172
56767
82841
101599
13494
77579
72289
89070
98519
87386
89067
87967
70960
51141
79342
70428
48189
52226
65218
61337
49838
68489
43987
36558
50647
37531
63257
64334
60226
53305
82606
93535
32332
30892
70885
41094
48518
46894
51639
84601
82325
79728
33936
54749
85328
80910
51947
79020
44544
138483
135735
40131
47305
52346
37054
41892
104447
85730
50577
77165
41867
34307
77906
59772
71335
28719
70113
94091
65444
77015
67622
117237
66202
46927
50801
109108
71139
73938
30425
87210
110934
53264
37992
81711
34622
84564
36434
49741
52210
47120
60262
70006
129261
67198
35473
101349
54082
106322
89509
92566
56344
92223
60429
43801
72485
60465
85811
51245
31118
91900
70275
63220
86644
60506
67167
89714
64937
39011
83169
37264
64991
59864
62827
73492
19041
61009
69449
54610
45843
108772
54208
59937
58530
76587
46236
72642
95126
71775
84124
46473
109419
83322
58352
74499
71437
66669
62930
51296
34598
64229
66535
73921
40783
81746
67987
77343
111518
74571
30583
63380
24742
65860
50201
71697
33410
92737
60651
60561
74039
69533
90039
38622
60172
63711
57269
59019
37795
108431
75237
73561
90113
155909
32824
73029
52181
125850
46402
38270
131669
87460
70923
64530
93676
103259
87325
109095
91499
163579
87771
48611
66022
38546
70992
72391
54327
65274
62944
55196
57957
65741
64978
52112
116317
66868
95220
103214
45528
41419
131311
65990
60453
87544
61640
108954
54130
94238
86887
34015
24444
71234
102610
24556
78424
48844
28712
98895
78301
38086
59154
78793
34047
86282
105537
59084
72247
85011
51087
63632
111720
25482
101107
22444
40865
26102
42872
50483
66467
50290
84353
108689
58313
69832
88561
127026
79545
73599
23641
43634
65108
71682
85985
59689
103430
76484
106642
41604
26886
149223
40626
81880
52468
73260
79320
67317
10024
47467
21643
79714
60059
29984
94603
79160
67290
84218
63985
94055
104304
72210
44855
66686
88466
34513
62663
70298
58465
105922
63308
59071
62942
74898
61242
47043
60449
86069
58371
81098
38805
25680
29358
29790
53768
95758
65714
85451
59821
103891
67985
21703
45422
59030
61688
76366
122101
120729
103122
80965
60968
9861
81903
42603
77615
68395
101849
19644
102473
86003
60782
66440
77671
82515
26066
69258
92580
43561
87992
76743
48204
79083
50997
40451
27004
53664
89926
81088
61803
87554
68885
160664
37727
70166
71819
55480
83730
85963
69529
73132
71236
21956
62071
41988
99143
59550
65771
52370
43388
108209
44711
45732
80540
130359
92471
103973
70100
73456
84516
69671
81309
96513
48943
101981
51495
58677
75762
64851
60880
60464
73735
57998
91419
74686
91715
103326
87843
90633
55910
60297
47215
28130
75852
8804
70387
27514
102845
87043
78690
90213
75246
83183
80413
81633
81516
85025
79086
76078
104415
68895
66319
48519
151208
43136
83882
90647
78562
61134
23703
60758
61021
104569
69383
61568
165187
77949
50276
76634
20700
62728
49113
90723
98536
62338
79032
65823
73550
60071
41081
78743
103892
67621
107568
106784
68428
25514
48663
90899
97651
87204
66707
60076
79813
73793
90239
87620
127058
67453
73478
81202
127629
97253
43000
70811
64038
52195
17369
39834
82304
37539
83566
82878
64227
55775
44106
56246
54347
97748
26309
104306
39676
58077
60027
78893
30222
120874
78490
74379
114535
83763
96865
61620
82723
58495
68882
88953
36622
68088
77420
66365
77520
111371
77366
64159
68556
69697
51719
62065
69067
34133
73974
42663
60287
90800
105414
102823
44255
18241
95443
81179
66446
64120
81678
69352
51260
32583
75958
75700
82825
62892
67200
69884
24314
55616
69526
142671
40794
73041
50679
147685
68232
33829
39227
66718
99541
56296
77792
65987
66955
69235
89725
35037
57697
124567
95509
70680
108657
31727
47619
162350
45098
15621
64318
78997
75716
91925
31746
123932
16917
97347
74984
76772
86660
54520
44147
88822
54274
71915
49598
64801
95012
115843
80359
49987
54367
32319
25746
107506
71533
59512
93664
92084
96220
51219
84393
87028
37039
76026
45139
82628
45850
77225
87654
48074
63909
67694
52741
60933
145053
50326
76285
69403
30413
50902
93353
36998
98380
33746
101535
76629
51852
72444
46953
45764
55909
80840
66842
89054
8578
54124
75539
93237
44639
91974
42904
72717
126566
85858
97289
52387
58122
33804
65136
56531
55125
111145
5527
52312
104860
82304
50826
88720
60513
36910
61503
49987
76531
70407
59286
47038
74187
89919
68615
147930
90456
75230
36725
117222
74914
53787
42750
53687
82939
112289
55018
58235
36978
63839
101244
100541
77461
107741
83179
71923
39528
56285
77303
41698
104157
18917
37816
99521
89349
30728
13351
59284
72289
43918
61991
86474
68025
74895
78821
39803
67253
160588
32976
73400
92309
41199
101175
8290
16628
78124
66298
92233
66366
57469
74487
74576
95158
100983
115554
55290
33506
27864
71900
65964
57779
88827
54899
54584
96242
44446
80033
99622
64026
94039
104612
63150
60743
53062
83467
116061
81332
33592
29064
99367
60396
64785
79213
38673
66717
105654
130071
66309
81250
69867
66389
159983
32955
70215
96228
78928
63224
46100
46295
68362
51033
74128
76910
103415
65753
62801
93842
53061
97607
64942
98136
129793
93138
35885
70090
73365
49755
62297
82846
45803
62905
75640
79581
49136
78685
69439
48300
84247
81397
110579
76659
69851
26561
90477
52889
124078
49921
74104
54863
82898
85599
41591
75823
97474
55115
34824
69282
70766
83674
43139
71839
77321
62530
67017
99091
70571
66972
30734
27428
79994
38959
13496
45505
14515
56823
76929
103676
62420
111828
34051
84545
134832
93550
50312
71821
71496
76408
56193
77989
74946
35617
61448
43759
61235
98484
44501
38374
71064
56036
99824
74333
46934
49144
44115
65655
58082
83507
33469
68769
94485
78572
68324
87032
99166
49409
89406
35466
37985
35940
42593
37473
46529
30974
83519
65752
64108
46379
89338
64630
54517
88599
78582
56249
44944
69745
75849
103560
73997
53353
62471
79304
29463
139672
101154
53495
74659
15351
48826
70463
39572
73870
56765
7101
31890
38239
100336
77290
86624
96686
49991
72001
55156
37525
87633
50345
51973
86834
103137
92885
23861
39010
24778
42697
80369
82037
71327
105108
45091
65787
56247
38767
96057
82885
95100
77490
39571
66801
61869
87487
40239
78687
59781
45117
57791
53008
78710
77399
83406
33184
86328
113539
42111
77963
95994
75127
81818
92137
80383
39404
54468
40024
78675
56520
58107
79365
112997
81420
58449
49440
86447
24489
39325
72520
102882
84496
85501
79624
62029
84310
108078
67569
72804
50446
46492
64148
85631
66645
68000
55448
75855
91139
68621
62000
60855
124520
91852
41721
119265
67969
98310
88418
31082
54581
57304
60442
99627
66462
93116
90603
46646
69728
72621
66960
28752
58739
96328
62835
62599
59177
31737
56143
40827
70321
81506
66991
109351
132989
167411
74905
91859
118776
100706
53926
48304
79979
21054
52086
85693
66525
73490
87899
61519
80329
91462
56002
72032
79365
42940
45029
23203
93539
78452
109442
23482
52035
90119
55128
77286
54835
77173
82531
78771
69181
80213
79492
84039
67543
83626
38362
72257
74360
26689
97872
74660
42717
96804
98843
49554
76707
28776
47737
49728
118950
42895
17681
68524
85505
69077
124881
84544
65762
56654
89234
87710
64628
30288
73617
68081
63728
134964
92403
89359
35718
51869
63227
79000
75724
28433
60683
61449
69805
80225
72637
89963
75242
36675
56988
73448
73830
78312
103245
54969
142574
85174
82076
84577
67230
114293
63226
52663
21483
60940
85750
92315
94627
109492
129268
24213
100882
56330
84100
39289
66595
55820
36025
45242
67185
53196
89402
85948
31504
92002
83299
84067
68686
75086
83360
43990
43647
43198
134730
84757
67030
31738
78784
103471
83424
49543
107677
33637
50304
90950
90076
49705
101727
69220
51409
27447
14271
77044
103718
98861
16050
101381
113516
90288
83813
42222
94916
47245
101547
68547
67531
110111
78833
77881
70585
64519
41687
93543
126465
51940
65289
108375
48570
69888
62256
74354
86318
50352
58643
78538
81992
100876
101864
73567
88946
51717
82121
84478
67671
42270
28741
105028
32001
44295
95415
52218
65159
65179
63525
114969
90006
33509
99685
92345
55922
86267
83378
102004
38148
85982
67583
88139
92205
55922
67564
67519
70301
104260
15193
102554
41770
121736
95948
79100
71486
64228
165557
94719
36941
112392
56899
14937
103541
