86722
52347
102266
34446
84964
99389
100160
88908
103116
48570
116833
60307
104535
94367
111926
75635
54706
103808
64586
77461
116642
85210
71940
94712
77520
86800
77567
79576
60782
76276
37016
101076
45158
57783
75752
80320
46180
86491
90733
101752
59094
67811
65468
33404
45936
92334
45970
66554
36047
33605
47202
116582
87056
51625
69420
39419
180765
122989
77515
47105
62148
54115
69898
65511
78924
99303
198989
50134
52178
75207
149271
54867
89745
81603
82028
93765
91795
83909
71449
110683
48047
72593
69303
41528
68455
64851
195011
104836
84285
71628
70511
152134
66585
64489
83645
63136
51279
112175
129416
41120
77307
99763
62748
86729
88560
110174
96189
96745
66188
105313
217596
86792
54038
179668
84390
41231
41567
88322
67214
45846
190182
61182
65449
107571
54808
149103
73644
98456
72372
109538
79932
55036
57187
33687
80248
104370
110018
85658
53314
72357
60146
107529
77800
51726
58266
56324
61328
74496
78645
51556
129312
43262
94739
78512
125525
129639
55455
100067
64144
96321
68275
100244
41894
79175
89861
81326
84410
146929
131770
145387
147559
79313
84774
56770
84087
105532
205946
91854
134836
74463
79532
134203
22539
63042
67805
150415
130080
107670
80326
78885
37401
85086
85593
119178
60829
71656
6244
64497
62146
89285
77073
66002
47387
122396
83229
95434
88252
67249
51744
184475
92355
113127
97354
46450
109652
83490
81131
66969
62019
92371
98769
104270
52207
28295
97137
104378
121165
70583
91334
94566
79341
99018
101823
54110
114759
55223
48575
73078
92451
92161
61247
31238
73868
64994
48971
54366
87268
115789
108960
107438
124523
36143
66474
103959
107592
93653
35100
99507
71050
63917
69486
98606
92903
56495
174930
53090
51709
45451
88386
55975
74467
62679
99221
80131
89701
62439
76640
92071
43511
38827
100299
85981
59793
70875
65865
45633
72521
77420
79820
74212
88228
82157
56504
94036
59122
122194
81826
69943
12220
64728
176187
33255
65407
128691
87037
73132
92398
89227
105319
67285
84189
85267
53011
65749
91320
50662
69110
78727
51888
32519
58024
51534
83070
107179
54143
141587
94223
102606
26516
82155
84269
73135
62990
49519
99379
86052
83794
78303
69688
111364
67641
90863
83952
50466
108579
72283
93225
37146
32809
88543
82425
103636
48986
42568
65200
60429
19739
85598
80025
104224
77022
49587
84547
90791
77950
68623
53598
94460
98857
58344
45808
46415
45572
147728
68274
88895
65440
75475
43576
118081
75540
98390
77111
67519
103310
110929
135540
110832
78397
119715
52606
91824
57445
44905
109888
82724
74432
67545
50728
66844
72050
121011
58800
74160
84183
71404
103080
81531
69452
93368
79189
90319
90684
67352
67678
183560
58212
82615
56005
91507
60523
60432
102923
80026
82230
81677
52477
96882
43945
86501
42308
77544
68809
83026
93416
69668
38270
84382
60838
169605
30325
91328
52045
51288
80600
56561
92843
74556
81522
79858
56045
68938
76667
86704
46964
66300
70328
81201
74309
111439
185124
74664
88178
101699
80923
49045
53080
116786
44492
27089
73992
28404
106976
64023
105483
52516
69224
47445
49673
84359
51240
75712
61307
73509
61448
43844
68253
74699
75572
51560
67887
55423
39627
92845
81371
97414
47573
60053
58818
83737
93275
66255
92966
61265
83385
46288
62979
68782
63287
64689
81532
58635
79052
66032
72591
89713
23515
68720
111209
189525
85398
78437
94108
108504
48006
73082
57505
67133
31303
135608
97376
49351
64023
52400
56546
24127
34379
70206
44983
52582
118206
51753
85873
69642
81673
27612
26668
45090
64493
84634
81121
67521
102329
110718
36738
67599
84955
70052
91274
62866
41233
115361
96550
90505
108785
103079
75850
26073
62671
97627
83452
49039
77041
81608
89481
95078
92886
64414
81465
157986
87823
68516
100318
86845
50894
131215
51250
90623
62120
83092
67946
69072
59328
113776
108159
89792
84147
83871
96811
97798
73882
134346
45161
107565
103555
60473
84669
75361
94970
12561
88671
93401
71604
65849
85984
65928
78039
25884
51042
119533
55188
95533
53001
142295
44984
20469
88648
66362
80430
77630
90255
95407
50096
116479
42517
86326
161169
67664
100767
56597
78293
82139
52047
53704
85118
98013
50753
59041
98676
41733
114319
91503
71139
115830
126910
99972
130898
14711
121400
71654
62451
79254
63022
96581
110004
90499
96365
86808
95372
78123
47034
57173
46972
77778
14586
75784
54131
32881
50834
61347
68113
114115
80378
78427
64129
84301
127784
68047
115743
55629
68240
100858
101555
91690
95930
100200
91216
77011
64309
184600
147045
73625
87703
53290
53737
46438
82591
63723
91247
71391
63281
73741
143917
53685
64087
85981
90206
64680
47698
105145
63911
47085
92718
63593
78159
82816
98717
87113
76738
70009
57516
41525
57071
94724
62970
57999
86564
84938
43083
70240
67942
58367
42830
60347
42119
188504
62848
81851
71321
110405
67341
58010
62810
74152
40538
88234
83559
50324
84228
48197
76786
59610
42189
75707
50404
80838
85890
117149
67588
93872
95016
69271
47309
63582
64851
100397
94370
148918
66787
73061
50347
48933
178540
77618
175474
52625
59723
78275
48645
91496
63551
27160
42388
61505
67360
110744
146570
20291
36369
75977
83404
114176
93676
74909
88984
72266
94559
85249
107505
95325
47882
90028
76667
63191
94728
63367
77458
52103
50031
87132
75147
44629
70233
79883
62047
22660
83522
211136
87373
52200
97971
78870
65265
82439
58576
95300
112670
72476
66974
65785
61176
72684
61492
129767
101145
82506
80861
60906
74615
78407
57065
54529
117452
73943
38167
123187
85142
116748
99326
50016
88433
107275
22069
67821
69288
100489
126757
69144
37096
60636
69395
90639
90885
80093
85675
94323
113538
99079
99409
42783
45609
97577
91165
81004
39609
68122
53015
54386
113378
69689
69996
18774
55883
48478
64941
82268
32475
88112
140637
81796
67316
99210
53881
93612
38094
46223
87379
152594
83875
42145
46659
40941
62395
96386
83614
88220
85178
87392
68331
74469
29335
96561
60740
42800
61072
45469
92010
41780
58850
90725
61132
65615
120475
118846
172816
165666
62359
23204
52888
46592
57850
67999
64088
78386
85413
54977
42847
92351
133257
92096
77948
87608
90100
62234
67407
66699
101026
96555
69235
107786
189352
102615
59837
103479
77994
85643
86587
26845
43823
195644
56680
98428
93600
82648
112914
75920
54532
65040
57068
37047
85049
85424
97423
27611
70509
99985
76462
46702
52076
47696
44549
90470
30819
79072
53413
41784
44681
34765
36655
68630
80060
69501
91866
108427
46709
60825
94501
92066
126719
64254
103857
176920
92310
80230
119657
70104
100719
99976
51483
57582
57449
67437
46714
196121
101628
62672
79337
74641
98628
72415
65933
52839
67519
75285
57148
52396
68076
75484
91456
52515
95401
19879
70098
79505
115407
31464
58322
43174
62142
31416
120497
84269
83444
162301
44713
52277
76289
97269
50401
106158
71181
46643
114749
89990
57928
67192
65812
56165
52761
72447
109185
28572
83479
66243
49577
53280
70938
92709
59680
93877
69092
35150
55338
108423
100651
71044
77158
52343
82272
40173
79684
95848
50554
47076
66088
110851
89272
97326
103656
24957
59169
70917
86810
69557
91399
94969
61489
25672
97807
73486
83248
59759
94756
37909
125691
35177
43677
108872
68675
100865
56268
172573
94930
92886
161216
57881
56073
71005
127076
66011
92444
119436
80945
76137
33052
51226
129679
74530
80015
59031
97493
78370
35916
54282
68127
50162
106843
82796
97318
101107
48914
194641
68487
73308
75708
72206
116556
55217
109168
57902
94678
80421
59171
139373
65381
68384
72165
52778
142301
90336
62253
78374
92889
59196
94142
81294
87021
61331
25505
72668
40301
112463
82253
43945
55713
84357
49628
48309
27274
59676
116030
56380
68602
56366
68791
66624
77426
98905
65160
56802
75600
159932
86206
63047
105037
93965
105753
128223
108972
79454
78441
90645
27778
73323
92659
37280
57730
91234
81451
136912
73343
55236
83085
77374
61772
185801
70955
72381
82478
67204
74764
72373
78069
13097
189755
74384
89881
81418
89808
41500
43073
33096
66666
33931
121672
77595
75344
35230
56821
114069
50400
107881
79201
64982
31293
83005
42430
99867
71385
59880
97423
152028
61190
63149
79514
125722
91200
60115
104735
42022
91022
61449
94827
37714
71408
53317
123691
100674
29558
103814
36041
67318
43513
54345
72936
168172
80975
75024
80919
74115
38647
105270
76449
87757
47462
94722
20554
107399
70409
78811
99597
106915
78158
56798
54775
92418
88132
60138
101876
101197
92373
45785
66681
57086
62466
102755
81548
79868
97394
90596
40086
82718
97299
54383
95056
73313
90695
57256
107550
54751
74905
33140
55939
102537
78084
61588
55495
95044
36468
94526
85579
92991
115205
124970
80188
91393
97095
53849
72164
62784
35316
41942
64420
87999
15475
28891
109535
104478
90841
126197
138551
49737
111049
23061
62614
74675
200610
59457
100646
54792
90035
60283
64617
50784
95359
112625
10440
142932
93527
80160
69550
53059
76123
36347
90404
50446
87880
81080
83705
69540
75624
94866
92984
114455
97071
56642
119919
54045
73531
97394
63251
78565
70880
41044
77215
75695
104813
62321
175407
90428
27118
83608
44080
50184
55112
69363
49476
56169
114041
133193
94458
78113
18917
77017
102949
93029
102670
61197
143008
68942
28023
211259
34258
81045
54234
57238
55724
46390
115139
28950
89177
54977
85413
40160
109322
46685
34218
77119
39544
49628
104871
82083
56557
61375
65076
19747
62594
57091
44507
54146
59428
58028
56376
64671
88259
79270
101403
78855
64722
82672
86283
98799
84365
44936
103217
91775
54303
93839
44777
80723
67636
128778
75061
66229
58216
63100
30077
74882
41511
57664
121415
53527
101794
65094
91466
43484
71829
69750
40311
111657
90125
99383
102522
83721
47390
61969
46014
48260
54284
93123
103170
74463
76469
73879
76291
98517
80167
76806
60616
46430
65004
85283
64121
53112
73896
54430
72855
70522
50255
120989
42214
80742
71519
101738
58914
17940
63049
67996
25393
113532
117870
57523
76514
111603
51983
77975
176436
47422
43168
29899
61536
143937
47481
109331
72023
47960
68608
46348
29945
91905
72916
110669
69093
65310
146629
45784
56790
44622
88860
40163
58200
37265
44018
93392
69843
62882
97109
59455
126952
88879
102369
75813
44813
98628
62320
105447
58303
181460
76520
101504
89990
44775
57900
108917
89435
84862
199439
50672
105400
51166
105641
89858
45873
50387
91354
62622
121707
35215
123890
56515
76948
64287
41428
183945
77469
51710
90957
39182
63379
82926
69380
113348
74568
69116
101627
112388
110761
86380
35740
84782
62611
107883
35221
74438
34407
76508
94253
80836
89180
75707
101024
164592
79422
51574
118959
57533
36280
92028
54100
73163
72168
81829
87990
63636
75536
90818
39173
54645
80786
56673
17421
49337
79602
38925
96201
66135
73674
55667
63280
91745
107758
84334
83576
89774
48361
67371
98356
62386
28105
123385
75541
97518
44561
93496
100762
82642
73997
86114
52437
38332
75794
83130
90962
101544
65754
80136
101168
98032
76569
78069
75404
79719
109736
56082
66417
105250
87529
60266
94194
53869
63321
125594
43886
101788
54872
35436
126790
79619
61469
84228
88235
84743
108177
82923
72343
119654
72654
98241
51352
110173
68010
13535
47638
63964
102093
70542
68764
49921
103053
119571
52414
89728
99193
99782
53967
89026
72595
15840
18130
69465
83458
95738
32461
54433
28828
56312
109413
74860
43732
84545
70312
140307
65267
67822
32186
47003
60916
52128
59096
64656
67033
63219
50700
131035
100520
36514
72829
70061
76193
139200
84844
91294
64909
50177
98793
88855
65674
62843
48903
60889
150573
101885
145003
37885
115082
80107
79590
68449
70580
70168
45891
54618
61377
94466
92236
75843
68288
70774
119077
83233
77774
55011
124472
116859
68787
61433
61366
76556
52207
52090
91342
83621
95865
65678
135808
146316
66470
73290
88353
101953
84233
134956
87104
87980
84079
31871
26632
74785
61784
95449
115616
77234
52738
78597
49705
107820
110011
84094
69337
115736
69157
65248
47397
65736
60009
38757
67503
89961
84786
86877
75750
51659
66605
17000
136417
33570
67679
72793
51489
90408
87866
86540
153657
61394
95153
108449
29630
71164
110431
40339
61223
44040
58556
75479
105350
77280
65374
78653
57342
74852
70970
63931
63146
83244
38375
80462
82930
62240
63142
67267
116662
78206
74580
30047
94383
99318
80684
48265
86828
89405
83739
85291
18298
193049
103814
106291
44612
42338
60542
27518
22822
111185
77101
123662
100487
81741
112709
85298
56067
180646
92379
64283
47858
82963
51898
33536
80836
77147
35952
53687
78091
55140
29698
95196
95043
87759
85223
69920
74682
65685
95725
54172
85870
104176
60764
37410
61964
76358
55416
83136
117611
55512
92506
34941
82350
91914
81605
112593
78835
47647
47782
81283
107799
87033
49336
101200
126951
79313
83876
52150
92874
84763
46787
79330
64499
81207
125572
63221
93074
45742
72476
49401
75186
34742
86769
121645
72234
70196
54622
107040
59722
89018
130476
51134
89280
174170
85496
135465
34087
123890
181481
35636
87557
65774
78826
35350
112961
177177
85773
44427
73552
51607
88865
66294
40856
79379
92709
74293
66761
139250
126679
88350
105204
109853
94824
39449
95587
23130
84068
58041
73365
86396
102519
59697
77131
103211
51844
65293
33120
114065
95080
57848
50021
51273
108342
181629
85765
108377
61216
97263
37214
94726
69621
77393
85454
83150
111048
107113
56638
70544
82964
68647
77600
75325
70090
36494
79847
49692
102831
45169
23172
99688
55344
71524
88899
37637
138421
102632
48376
100933
58307
20714
91011
102636
54112
44133
115882
69859
75918
53606
103596
75596
55521
61634
140709
102001
22679
33446
40617
70212
78062
116793
92804
40583
64470
107814
76931
36950
63757
94781
70650
92957
32383
96280
55121
49113
92745
84271
34423
70774
77837
55265
72052
35608
73687
45800
137610
114292
41548
56871
194172
85601
56728
56000
62582
73864
78216
106712
48910
65430
94435
79445
56506
63599
121863
71078
30518
58532
61816
79472
52785
49591
119237
88074
54678
72561
91488
103033
52364
73215
38510
77579
52905
27231
48815
84347
191596
130397
68843
90795
95030
63014
121821
97109
159199
60129
35347
88885
56574
98135
50937
51356
36776
57842
79466
110837
60123
114205
45503
104891
52066
74672
126728
55745
97404
105533
96676
205383
44838
83019
88850
53078
34851
170206
88712
56024
50964
115321
54948
52238
39181
85731
71160
45101
54142
92603
91814
60754
88134
103363
54539
71683
79021
88059
80670
123502
65572
54356
106095
204979
65491
45964
46295
77652
81114
95092
44658
39147
26596
73061
73733
88841
87448
73705
71590
109733
73099
82481
61826
57001
109855
104554
81041
90186
100664
54695
62781
69355
88794
52171
47539
65024
107098
108863
79373
50942
79851
73430
106015
18608
65815
74599
88455
60831
61932
70550
101881
65627
37470
85349
49882
33210
101127
108999
51800
35042
49429
111381
82114
77930
38883
55632
91565
64682
55410
62266
101550
71579
87390
110515
34923
42445
75763
11854
36881
81407
62781
88408
85661
88386
68994
72754
89228
72231
70401
29908
58542
60990
82025
130642
56138
122560
115644
65400
120544
117041
112709
78814
90837
178129
96331
56828
80351
88059
17237
38844
96274
82726
90051
44348
76146
71754
117009
111810
76425
73093
66182
56110
54571
55234
73551
87497
50607
68155
46231
93752
37654
62621
98520
74183
28331
39110
65307
76516
104261
77978
58286
75555
51476
111743
44681
86777
31808
45664
76014
107215
54716
96859
155797
63581
33262
33236
89296
62686
111659
83759
84038
28485
119992
63816
64683
74622
81965
116390
71952
71760
32637
121571
43485
56588
84698
73262
109263
90938
71499
