68055
103832
114462
71108
46318
12069
54873
37837
76568
51672
48732
92273
96710
36426
99196
49495
58001
36492
37297
50738
45594
40856
39155
67708
92929
21851
57482
37202
40524
97828
45416
71103
39660
48867
49506
48967
67556
31888
74576
77298
30943
44986
53167
94089
52221
94433
47998
27070
54230
95270
53974
53229
72231
83380
52422
51602
52201
68597
55625
74469
56497
72223
91788
37440
97128
26205
60142
26018
49315
50190
48236
73834
51849
55003
80943
33766
37879
41951
57804
76481
88558
40141
65430
50124
72889
26994
70387
40641
36293
51860
60694
74181
67280
67333
63056
101510
59553
49039
74301
46835
60162
110992
75769
18332
90731
65281
81619
60443
41443
65895
65918
48750
87466
68283
64146
74050
37613
51085
47082
73678
62401
32890
58673
46739
35270
38692
41198
47718
19625
69520
78070
40752
51705
60430
56924
64441
69733
79398
113553
54599
20484
58686
63988
51213
103684
86010
41005
37954
50961
58570
25587
73367
37549
57281
77197
53160
51329
94747
53870
52473
27477
69283
62523
9827
64662
40473
44254
39716
38658
42309
27292
68844
30187
32453
72064
41861
59088
53435
58201
46506
80242
51957
49186
42331
2013
42532
76931
54302
66616
67242
81115
75480
66896
40009
55138
26097
44051
49093
72591
123402
51170
89228
57200
77211
81685
74143
50169
87953
110266
36055
36618
46609
87427
41649
24513
49932
55192
72435
34171
61748
53216
47429
71507
27702
49393
74075
25614
45902
15956
88564
44417
43417
55794
37118
56286
47333
56465
36850
60173
46043
70560
47870
44911
48999
82660
84372
83393
81833
53054
19968
53361
60107
81336
43576
74411
45544
63517
102525
54023
55544
64880
54533
41949
74302
56529
27552
69486
66305
62750
115287
35279
83672
46949
60456
50315
68611
41591
54541
34861
42816
41260
53995
53797
39795
25006
70139
60988
55880
40678
70243
71084
56870
56429
18457
20136
50186
66501
68690
54604
95985
51655
66016
27904
72711
56516
33986
53180
63877
67036
67595
66791
57074
83705
71889
32724
66817
43783
47960
49938
65888
51174
44166
60110
69786
69387
32136
56950
60314
45404
63524
35902
76586
52841
70095
74856
64079
42220
18916
59535
67196
28172
48305
47003
51576
26457
41046
68276
35699
60124
44281
35457
34729
76330
57189
57478
27219
77833
55406
51244
113224
61515
37517
93832
50873
41189
38876
20332
50460
52888
63062
120281
63685
83661
16983
84159
52260
55408
64868
30386
55324
54871
56585
38604
56990
37041
71375
59296
45824
23498
54012
48037
43524
50006
115843
66811
37154
41649
61048
50136
41697
18919
79245
58782
51054
37831
59748
28069
62130
58531
82413
62036
72946
62548
60605
44541
57178
56110
56065
63288
63290
50971
73132
51828
61886
32369
103443
62083
60057
58835
37531
42330
41966
67698
63547
37276
54799
43031
59952
30852
84104
61288
48626
21855
48266
41298
48363
72618
56825
23501
65196
95746
79486
37062
53247
38147
31539
40171
65650
33710
43139
60083
73391
58538
65225
70515
80125
55608
44529
67722
26444
41210
66296
77153
47173
36299
43722
64923
50593
56537
62344
104686
54503
21823
61925
74044
16737
71199
56683
80080
45675
58975
64344
75181
75198
76264
51636
65316
61295
53945
109078
28065
25269
57970
51258
35096
60608
55274
65980
18960
53903
65578
45136
43556
61222
31714
27200
71297
79231
39162
54384
33332
35279
78849
57635
54980
77520
57808
56160
80349
69490
51706
39998
48419
47441
64675
62545
56743
47866
54326
38976
50961
57438
63760
36094
62437
84299
63467
90812
91953
46344
112046
81173
91008
44897
88195
41388
62363
57500
46195
56432
46670
57831
38894
71916
51922
72622
48355
62392
53214
33067
52018
59465
103206
43446
46232
65029
65571
61409
73639
69236
48714
39178
88375
59857
26828
39273
51762
80485
54460
33368
50818
25594
65326
71140
37321
63126
69096
66273
39480
52210
32813
55078
58313
71368
21053
20206
61802
42937
42684
50715
52605
68521
68925
40515
60113
60562
67367
44087
55332
44146
46168
58035
82847
53725
65491
46561
70472
82878
40669
44525
49739
34446
48867
56589
75690
72618
59248
18405
47831
47453
69607
30696
93430
101363
82628
100587
54517
33698
53499
48985
57578
19731
68993
21766
26430
16795
78810
42222
64166
23097
41439
58265
33425
55746
67104
42889
39523
57078
107607
58588
73305
73871
48430
62517
24557
120359
55250
55357
35257
81169
67297
67726
48349
55584
18722
31286
55772
55346
41548
39436
69083
37804
88159
54407
69048
53846
55136
51397
59103
65202
102447
50769
68944
14155
41641
54279
65700
81486
83316
46956
49362
60560
59684
46200
54757
80851
47283
92853
85532
63458
37276
61051
76413
47370
59803
69771
41971
107259
44125
32429
40174
79383
63444
45216
38757
66042
76282
79917
84460
73022
43601
31000
43954
69732
64527
42926
59271
64024
48152
51124
53997
38870
62189
47087
68429
38304
89412
61803
18929
100814
43099
63404
66228
52966
67972
55024
111523
41544
53034
33868
48703
48340
55465
74070
38344
37599
35231
75169
50327
25510
82729
39121
17603
52698
42008
40584
35131
55968
82475
94794
25631
71222
63711
30907
52954
65021
87256
35420
22276
59597
51920
64065
61413
86746
51489
43672
66553
68738
55984
41169
49182
63832
71933
54209
54641
61835
33692
33163
41362
47455
50011
47465
25047
62997
58527
20507
47906
92725
31167
10755
74490
48457
28533
57448
61992
47554
88855
73069
35704
19952
47526
36733
36714
55791
62968
34883
71504
56047
29469
60359
57708
35164
90428
67181
58012
74974
71062
78401
62928
92904
18679
67443
34525
11176
109147
60014
61706
48675
43353
47360
54308
58267
81875
45051
50794
15403
65632
33506
44432
73298
72203
54151
42767
59060
68897
59631
89700
47904
46671
91662
74218
64695
83572
42867
52459
37180
69405
69003
60023
46211
85476
48364
67415
40674
22651
61134
14247
46769
44543
52492
107811
60851
35379
63288
62314
40811
42335
46203
68121
47695
23534
50561
49952
76515
66588
74915
32253
27491
51045
70451
53329
70550
32354
64373
51013
82381
37163
95616
86279
80076
47307
112491
39158
59638
49271
70000
40559
62862
58549
74271
48073
90067
57122
80914
118127
68819
52447
57511
51494
44632
49045
64071
34500
55186
32696
42940
100849
44427
33464
34329
55980
73225
48824
50956
30097
11937
62804
65667
93673
11810
53771
50245
63465
51854
57326
51023
78936
29558
27493
69350
66284
71138
78192
41666
17735
55096
28587
57629
32635
69107
83376
17070
39853
54357
58323
92632
69852
65844
41221
39108
37845
50376
73511
24364
48797
64334
60102
64643
88660
58876
35511
53855
48431
43531
48211
80388
54869
43281
62257
26231
64424
77132
62212
35368
76065
55648
126560
54880
46058
57537
66394
50467
28357
65630
41140
49032
44548
48682
52435
61981
40031
54626
66264
42473
58812
72794
31368
112313
40301
67744
41750
59829
56208
69515
59524
67408
36246
63742
57597
32085
51330
52093
74247
58729
77516
34314
80927
65453
80357
56704
61807
72347
64821
57017
47727
37151
59854
116193
53275
25430
33587
51895
110562
74034
62322
20322
48400
48846
32214
45451
92683
56355
61524
51573
45242
42064
52133
55453
63762
60041
65378
69406
90613
48429
76805
106689
63520
60901
25102
33122
52298
63098
61811
70554
57482
60302
29925
31359
40662
45386
67493
50001
63229
45105
72397
58253
69337
71384
66051
102442
47168
114067
35948
52418
66938
38941
62733
60637
38685
51142
53567
46832
81413
67557
65999
45485
58247
39134
22821
68668
45406
71530
78661
6051
53379
68961
29244
49148
45136
94824
30544
92228
43482
62894
43207
61752
53060
40613
38237
48671
47225
56002
64594
66067
65746
37375
41237
57022
40598
65325
41907
69180
48888
29246
65503
30637
85695
66247
60869
101240
31458
35210
42587
47730
43312
56086
72331
50120
75494
50171
62464
55900
66545
57077
67070
94579
84463
101385
63796
95331
35812
62499
59534
66433
69883
66437
87345
63948
58522
53395
54026
37733
67263
52491
46144
61860
58498
67285
47413
39532
84874
47844
57965
59824
77444
52754
77680
70315
36131
52369
67356
75649
27407
55472
47632
105786
32052
30920
44223
21621
87312
56428
66378
64515
33729
78092
44516
40772
59461
22505
40433
86157
19464
59468
60918
74600
72803
65869
60608
76637
84906
57301
51039
59759
63157
42389
55360
47486
87348
30136
32009
59305
71677
45668
86055
64660
57477
44257
46692
54591
66142
52535
72616
31019
46137
89517
63977
74041
88218
29536
33080
50143
60280
55192
49378
79977
52660
46541
76497
69444
58190
39154
93768
83218
72799
62253
65942
52951
85762
51743
72667
26840
44914
77466
53194
71145
36947
69084
27146
62054
37462
57412
53414
43481
46558
30908
41989
53852
38362
36692
54972
74684
90357
27900
67633
35523
74032
33215
9665
44080
41071
42773
50481
98813
61017
7106
86782
40406
66895
37721
44276
74768
50567
69067
110522
49141
61283
65415
48512
51054
68434
62765
36441
108102
77698
46301
95147
69761
69036
35012
67408
61788
56671
51321
68690
62984
63473
60547
63114
47536
89246
45106
52341
62508
61010
52145
90076
101173
69827
57819
23687
19668
41960
48737
73567
43384
65906
63451
50374
120106
67438
75220
51618
56488
74591
87146
99031
41613
36034
61399
51554
47512
78505
58892
59006
57080
94795
64692
60371
41384
51373
51743
49744
41208
85309
65604
44505
55625
76416
101441
54068
58303
50570
38380
52987
15449
44282
64083
58634
59083
48036
71258
47695
37602
54258
65853
52915
87037
57664
61850
32325
44203
49712
90294
57238
63939
39399
69905
36697
46499
54495
65071
62921
50618
74321
47716
64798
96069
30604
53265
71477
51570
59849
58807
56126
21116
96793
20987
54193
35919
55941
41124
58994
57347
55000
118484
45249
61014
48226
60866
61275
57714
84110
77386
43472
37460
74905
42420
59146
47661
17907
44425
52038
41806
62858
48108
77645
64491
59759
66184
50231
52115
50862
73766
57725
52887
32219
40523
24311
34880
45574
36491
54434
59422
46983
49226
67521
95016
58436
20624
57820
59891
78780
30605
34154
55653
44084
41008
28901
54343
56280
62268
62998
42865
54243
59324
93375
37208
58473
67565
38860
81218
37781
46483
63474
58632
65421
62630
80185
85730
59403
75748
42976
50643
63517
70316
41259
35548
45173
118305
69245
49443
67593
60527
20050
63937
66056
56683
35380
20879
31552
56927
53993
39845
52963
63333
63371
19736
58331
56043
39804
48727
54237
67088
62127
35341
29255
45837
79853
43484
58174
47686
50234
52574
78161
52835
24796
56583
36968
52036
78630
46710
33230
50056
41883
57302
49224
78134
96843
70358
35039
47047
73508
59765
45426
64536
111651
58005
40537
32957
39938
57818
48026
57577
47522
39330
41696
43752
34020
32070
61819
101597
62290
41673
34812
35366
31754
27456
62248
39731
90355
100721
102460
54065
23540
71530
49134
25424
93092
16196
66361
40242
47486
42952
63485
57405
62550
46708
64404
60120
38653
38210
49489
67769
65491
51131
28146
74936
63751
60200
51684
64927
21077
70731
58079
62280
29488
8353
54640
58516
69201
94905
64155
82427
51344
29443
50874
31526
47607
43145
54641
53431
70853
9332
34321
68088
47230
56587
54579
59275
51426
46516
55540
35793
53795
76790
46566
62956
64708
50676
62491
38162
42432
61660
65996
60557
57262
59858
96806
32985
73775
51569
50510
50372
65938
105746
62781
55983
50325
48775
76955
36031
59004
42110
42471
25439
64948
57071
42701
52149
72703
58846
84665
100448
52523
50651
71895
44530
58263
65624
54128
69184
46094
78752
34621
49421
72129
43539
66329
40269
77313
52846
42805
69222
62314
75153
61039
45130
21700
107676
51657
33672
41252
61383
65475
27796
26043
56901
32592
46494
48283
69196
27920
64427
26486
55316
62958
72098
48940
68336
45995
46744
75594
48628
50607
63813
35430
57620
46468
38455
84905
48245
77727
16226
109956
43250
62652
64904
35970
59042
47260
69242
101993
68144
47548
48068
61220
21811
47193
42503
47826
53627
63771
49996
61190
37635
90914
26222
55578
50502
47591
77121
61763
54390
61473
35370
26650
49872
54057
91660
43559
74693
54542
62478
49363
66285
53723
67657
65097
39744
50848
101682
59669
57681
44689
37315
23399
60707
64439
60576
50124
67983
45695
61068
72876
87084
67961
38245
86705
56123
62463
59232
63675
49056
39599
73377
60233
62007
58771
54618
80732
60371
93061
60749
32210
52695
63272
64806
69654
27702
72051
59177
63540
44053
25812
66127
67822
83784
49266
62231
49474
53261
70573
44341
42383
61453
18355
17196
80642
26570
63231
83549
69549
64468
72931
37031
74746
49960
63269
29711
61997
64971
81231
66446
43184
121866
64851
59011
20820
28733
33035
55166
46225
46288
60321
41967
68498
41915
75218
76857
104285
75142
50059
60723
66701
69296
65483
66886
85671
77386
59957
97583
41374
26719
31366
66028
57257
39128
17034
34439
20050
47064
36113
28763
71772
60673
67330
72773
45650
46431
55637
62593
82831
63046
64493
64208
64405
89009
57014
58246
52408
47036
64914
43767
88697
53211
30731
56057
61063
37894
36151
61996
83420
45008
68449
105305
76816
71500
58777
50412
30461
64609
57844
65082
40092
45958
70049
64599
62001
46947
50257
36912
58466
65196
34611
74071
84394
78003
37105
44562
55392
51520
86416
59044
68407
103239
53842
48609
100266
37597
40761
92452
51078
45608
68331
60205
55864
62695
41145
52611
38112
55996
54060
56983
78092
92231
41328
20798
128517
63908
48136
54196
52765
45004
107361
88502
69733
64810
91314
94374
41192
38319
58774
38155
60231
71890
64722
53853
25635
34106
45824
22482
22891
51395
22977
32244
19634
59613
41541
95851
27558
56958
40673
58235
58059
63852
56614
42993
55662
54802
16335
55209
88371
42618
49152
10189
46536
84744
61466
41256
42786
63363
53441
41084
51844
55797
72052
59410
77102
83051
71810
60961
58112
70639
81000
74331
52921
33386
35898
53921
60466
60958
3666
43118
28781
57757
55787
31200
51728
9174
20821
53192
111609
51564
8786
39641
31140
70432
45343
75739
100492
37629
105578
67253
82701
54311
57586
43944
69137
32431
73079
57243
72382
26191
68291
48977
43815
69967
55173
78494
70844
59095
100091
57840
65109
61229
45349
38047
52166
116010
77876
54010
35111
23814
42417
29793
48827
83781
44230
59713
28310
82012
49831
64316
87931
73886
58560
81684
42851
26726
49359
53842
120514
41964
76295
44144
56750
88695
40576
49606
58262
58510
118526
73621
63599
47834
42413
59792
63734
40325
72312
70137
45342
44679
33085
60551
36857
55291
34991
30146
58217
59714
55107
74535
56269
50474
83553
44655
50362
49704
55539
43801
35610
72029
67196
82102
13755
57121
30603
66218
49677
36110
86145
41391
85608
57295
95426
98760
60149
58107
26057
95053
56294
72400
65758
86373
52727
55221
64053
56381
71392
41801
55537
65648
35206
38312
61680
83870
80005
56258
36172
61330
97456
84079
77897
63906
34493
52337
65558
56597
72120
28490
53718
32667
61201
55202
45699
64596
67631
66364
63145
56587
56078
75959
66750
50238
52006
46110
43005
82475
45793
44599
51993
69793
58604
34222
44082
70529
22254
24635
58022
54873
69958
38778
42694
62500
49886
35658
45649
59672
19359
42555
75903
78818
103749
88301
52926
36533
20307
40603
75617
77960
56804
53040
113245
42077
43870
35254
83080
70345
66288
11456
59820
35105
23633
88711
44390
55201
77622
34799
36122
53755
33612
33781
44912
63094
49125
33180
33833
14456
25760
52080
61315
43971
46561
10798
62471
112504
26609
45695
65710
33620
99001
56167
59392
54476
99465
64032
49622
113679
91694
55009
70005
58400
46319
71583
94812
82947
110987
50184
34111
65141
68613
56521
78713
48754
66617
73723
31075
66419
31612
27837
33118
73551
66707
58935
63311
60206
103890
78178
69209
36039
71281
70142
79862
45473
46655
78972
49556
46176
60841
67837
48477
37235
8790
100210
26551
31586
69620
46123
24603
66861
68323
58509
15822
76805
23309
32325
53506
62421
56773
30326
82370
68748
67673
27759
60093
46340
64120
26454
54203
27820
21347
26656
43030
52763
43918
81539
58275
20474
26715
35402
53523
36416
31966
102039
54382
62798
47373
31555
19796
77416
49586
62259
55417
11825
38712
43688
37884
56236
47524
69860
58133
80495
49268
55231
66645
44211
61883
43994
47084
66621
74672
53085
72848
63757
7635
41400
24807
78739
47778
60018
64808
81613
57526
50381
19865
96166
50516
59159
64935
100709
64798
49038
36208
45322
41124
37735
41266
66223
76867
80988
71809
72231
54258
54209
86900
49424
52962
32515
60077
30111
51012
62466
56798
63927
15908
50507
85771
38503
87103
66282
57059
52026
72102
63817
81949
55434
58955
43726
45392
28952
82456
94106
39588
71349
49222
51445
35570
46567
66668
56929
53971
49628
32949
49629
43700
82131
46660
80976
53673
80132
70072
87633
51434
41587
44767
39865
19580
73494
65588
51756
54898
46246
39242
41451
45197
66508
38184
55836
32485
49630
24864
82480
67001
44612
93582
100571
61099
58927
41465
67307
66021
38573
50363
88234
46406
41265
40685
45789
17180
69652
49821
70702
53141
33598
32767
53739
52707
49152
75991
59198
26116
38208
32338
57012
45119
47060
71516
38561
66902
57712
62870
50795
58550
40059
68875
40042
51949
55634
59174
44054
88428
96562
39259
75277
51865
48452
93355
39612
58373
57971
78035
97589
65888
106261
43264
25955
30957
60536
57714
40296
52536
31259
47298
60893
32400
37739
34089
32751
66507
57282
71606
86540
76229
24968
13440
55411
33267
54337
40691
60403
94333
68038
69920
72987
55976
40415
43194
61614
53137
69990
67308
76170
79276
109729
74988
50366
13686
84015
61909
38959
87563
18273
47087
45489
26965
80932
50363
79298
63386
70061
65275
24100
60347
43460
17579
51563
24682
116447
47289
60860
66990
57149
41587
57334
51414
57537
63697
27747
50408
105965
73707
81878
58689
52405
61863
80142
69699
76944
50947
41046
55764
36665
44503
63418
48275
67333
33731
36267
44543
71630
22945
50870
65027
54884
34206
80252
42285
71863
52813
46229
69311
73230
64895
34383
68680
44731
61726
57898
83104
50426
87487
27910
63943
66403
18605
55653
72810
42347
38825
96212
59590
42276
57952
53817
31629
27596
64440
33718
59627
60448
63745
14742
57480
42554
50327
41391
77798
76537
55037
46400
38637
63556
59931
32999
48561
10530
34950
83898
65346
65401
47618
56050
72082
59997
107380
55070
53461
67567
76679
43469
48294
33822
37708
64476
35126
25466
38706
71641
46707
38360
48301
40016
30682
68085
63822
28386
75827
49397
79513
77401
37437
50975
59801
22691
50864
71375
67412
74337
15135
59685
46850
44440
72000
34499
35246
58869
47096
30463
52733
83746
56096
38756
86944
96544
48347
73884
53308
61746
16073
58240
97237
54742
80660
42470
49655
59170
38237
54210
13555
48330
20878
46915
21446
29312
37861
60202
42779
52396
58033
20690
42053
59585
71097
43920
48141
62621
39671
28923
39313
56711
85767
98390
58851
68991
47777
69444
63144
35234
47454
76343
50260
83807
84120
76468
70504
37890
60438
34805
58732
93053
17373
48317
33876
84500
39043
49629
74281
64619
35112
97209
74192
76571
77040
68014
76663
77038
70528
37033
88548
46219
39010
35621
66678
100980
51605
59736
61394
46684
47477
58601
54296
58413
61252
31711
69839
93227
45784
65448
75027
55391
60073
95366
57461
35456
62163
51641
42467
46502
49851
45131
44215
49632
11801
55604
41372
22618
15914
40970
65611
28002
68191
39561
49897
54754
33132
54530
53015
38635
54092
97363
70286
40067
64223
58144
23593
45134
41692
36431
110431
82485
54793
52730
64595
53828
64623
48186
47867
73347
60366
58941
45731
78442
62333
77689
69951
45398
51294
93825
63650
44799
39721
58055
78468
63924
57916
76891
26488
55896
17171
73596
38793
49959
92208
53753
32988
62901
74748
31932
41788
64020
26514
78841
36704
64065
83702
68243
30575
31688
53760
70209
49793
79569
25355
46178
105405
83322
52346
76103
64179
29382
62544
57416
28609
53286
46044
69373
38858
76741
64223
82307
54362
59580
9636
63846
75066
68557
59063
50799
74385
73674
12747
31230
73921
69285
50680
47257
69665
29203
70968
47359
38151
64116
35903
22810
26056
53437
46451
69076
68496
39280
112966
96471
60792
58977
38498
47912
31544
59452
42360
41350
44573
107554
78638
57590
67291
30794
70102
54685
30287
45211
90889
63811
73784
65699
78821
49872
54485
45409
54924
66481
75286
35304
76068
77685
99158
18451
56765
45066
54632
43997
61059
69584
69592
20973
57736
63088
85625
73872
52840
100647
87941
98663
37254
105936
50003
65073
62114
65620
80879
69547
54927
28727
48056
50593
56069
86858
113948
59431
21494
106105
60901
109975
45968
83691
53799
44530
84351
40268
77993
50321
64232
30502
70428
67243
59095
51271
62709
40775
71309
71367
49970
58291
65499
50602
63024
42031
53704
53469
61235
64520
51965
70166
58327
44573
63705
62135
72229
33176
62057
67897
52778
45565
40419
79926
36934
55668
55369
84293
46268
28910
65412
67323
63951
56193
84441
29759
42077
43787
66817
71573
59943
39163
46461
69296
47715
49165
55446
30025
42977
77682
44031
78704
63636
65671
26008
44856
61212
85337
44660
48876
66314
55307
45496
39263
60212
82855
47775
56389
58325
50165
67592
43022
55608
72833
77958
40784
103164
51032
43613
38561
53790
98964
35849
39601
50432
61258
55951
54537
43172
15495
55012
56726
67266
76165
25254
61255
76596
49932
42329
73053
36400
45657
45596
62267
45982
44371
61750
62654
60895
48780
45404
32217
93169
70191
55139
36938
59134
36112
73170
84059
37268
67269
82401
52586
54305
69866
34114
68947
44421
35989
27390
33488
52419
44600
31356
41339
37138
38160
46906
48451
58043
63461
73991
56962
81777
80257
33891
82198
94904
49277
35596
60562
33936
96151
69311
46187
84422
78599
30124
65199
75986
77663
54236
58156
57387
87614
75183
66918
59121
57734
31771
77029
51145
50695
52491
63986
48028
14989
34148
83582
67007
33105
71671
43824
49093
75763
98263
7407
41199
48121
45886
50627
64984
62562
39834
69983
54106
62379
51386
43373
40705
57365
49565
34826
49417
65146
44384
67118
20567
57644
44866
51069
42283
44188
88104
78115
32799
94291
57394
52927
42414
37633
58564
43729
39778
63090
48946
54107
54350
6636
74760
63614
60548
55625
62200
52764
54247
62045
46508
48008
36855
51987
73542
54163
70649
57288
48525
34683
51262
9291
41251
66452
64344
52034
60661
77533
75336
63321
65607
38985
84317
12262
64082
56099
73702
59339
58563
90606
75417
53402
80081
82773
31883
52798
62548
101112
92178
81490
68076
84281
46550
54086
70008
37463
38759
50826
77429
57606
61087
59948
58184
70792
61101
36623
55130
56862
44549
28167
49626
42330
45268
63806
72620
53867
56797
25793
59708
64412
62356
28134
84613
79609
78300
24053
94182
29596
109948
32872
81136
75934
49877
86378
31600
59033
53608
49120
51937
65208
64767
54746
73157
62060
68964
60247
79909
92485
35126
56223
81182
95234
57757
67444
61667
41963
73241
66833
54098
54170
31598
17842
41515
78733
41015
71723
39849
46400
36965
71762
92428
44077
49595
66135
57075
48644
68535
76773
101203
39433
62280
56984
47602
59927
27332
62002
60869
101967
48079
66487
68159
48336
52253
13596
35299
75614
78543
37397
67431
64952
54530
80207
71026
55684
49690
85291
52265
36263
54974
54855
76820
57024
55881
26664
28778
28047
59353
55973
42915
79457
31151
37415
69505
60455
26586
64849
37240
68579
62822
50375
48456
55948
44591
52831
66090
54618
52366
30887
58779
56988
40887
60029
53891
10824
50020
88757
54647
72976
62125
43699
60782
6666
59699
35247
73637
32818
71204
80531
68443
68830
68386
32030
50678
72941
22329
69815
47948
56247
85512
99176
55638
47442
50581
69897
75976
44278
45898
69671
37771
66169
36909
70491
55507
109105
47219
39110
30857
36069
49982
46713
94032
99151
61678
44681
55712
83358
60423
54647
37148
79938
42391
72598
53964
54907
76212
54360
64732
119665
37312
48005
41166
41215
55066
60461
54310
43898
59902
49433
39096
39786
73921
46043
49136
80228
56383
55863
29504
34218
95105
102471
71549
63238
56522
46652
60721
67172
63244
69400
71385
70572
67323
48762
22313
32981
53110
39409
111296
54575
48654
68522
65359
36539
107644
59294
136580
68582
37266
53136
63410
52972
63476
46267
69493
70198
77224
15060
46318
52896
43303
96469
59379
52023
66665
21116
52687
88699
56910
34812
52781
74101
67963
68652
62005
56055
57068
56223
62889
48997
31090
53959
60712
67326
16302
83712
36865
65678
64726
92195
49342
73483
59108
49534
54304
45584
50060
44263
44787
29092
40818
74245
56222
50536
59677
66685
62833
67524
57759
28297
18875
45444
66307
47250
65148
58694
28727
55066
61055
51545
27410
64337
38105
38109
64528
46614
88697
48802
41731
94956
54673
65231
9434
55790
64756
66423
26111
76308
112649
64390
58588
55787
63764
65272
9703
61962
31752
34399
62592
35099
40771
64256
46988
31833
70342
55208
45428
74105
51421
33406
18183
16809
86763
99594
14211
35620
61242
60452
45654
82175
54948
106237
43552
75277
42428
14041
39284
45644
41556
24106
59442
65412
39462
50679
52440
68077
51529
52231
53469
39601
126027
66021
59401
31340
63144
68425
86153
53817
102545
59891
59900
64079
66053
42852
97162
67013
45531
77401
29059
19358
54025
59844
77898
21300
75938
94543
72844
56064
63223
48743
7343
74085
40459
83116
68629
67632
68427
44919
40074
67124
72261
66406
28005
66839
55063
47242
43027
74402
54061
61424
25838
51588
53476
61276
66029
50353
85550
31228
61082
76758
33895
89939
79650
28062
78281
104467
42833
67302
49431
67665
16808
66915
67936
65644
76896
63323
57336
102910
54613
28290
65168
71270
46190
56712
52697
94685
57786
20130
44384
56118
42965
63680
42112
53011
56801
64342
59375
62318
63847
61102
66010
35529
71845
55059
49409
69561
20191
30412
67045
41608
74839
94612
79330
54732
68477
54732
46858
57992
28988
52559
45068
92133
68833
38696
100949
51253
39982
88550
67919
51567
76597
52281
58138
51052
73677
63356
29731
38060
73579
65679
60226
66174
22191
57961
57361
42184
57425
33435
56701
16904
54224
13480
36510
55590
61650
58107
81369
60604
80424
41675
63104
70040
17434
66930
67194
36221
65016
27852
43357
49049
50311
59733
45351
57688
92007
110494
16902
39018
31291
48782
58728
59575
91510
51768
36372
51369
106744
46085
62480
61761
45009
63345
59614
27261
44126
49018
73534
63775
45586
67433
69903
49789
44830
27004
45219
63047
54820
57253
71812
30759
69564
32565
76650
101033
39011
50702
49461
40931
88980
55492
45643
76583
31952
74590
31453
51985
62261
69554
67390
50839
64215
69050
39310
74555
76079
50949
33244
82076
123933
48349
66527
33692
46987
47525
58829
56261
80400
68329
46619
63008
23474
63460
42232
49258
42550
82413
39852
71288
76678
101852
51589
62607
73543
42808
64850
30584
38030
78528
71825
21732
57905
31913
50970
47320
55732
56742
42321
10721
63043
32737
69868
65478
59944
73011
70686
54028
63080
51389
90722
40070
51946
47879
47207
55886
27511
71819
52514
54618
52423
46599
45893
59591
60572
81001
87575
68986
56188
94831
65479
88320
106123
48983
55413
41134
63833
61297
71130
53714
61896
35727
27579
47962
51325
29124
28460
64939
80627
46379
57980
67015
66778
62027
68785
33249
77781
49609
54872
46540
50079
64257
53836
68593
38284
75101
62759
56055
119364
44180
32409
42525
42921
40151
53252
80236
74313
75336
52881
70834
54796
67945
83359
105069
67369
66601
36895
54809
73359
71619
54943
54105
58440
41319
68097
102316
103873
35056
59684
62897
73943
87119
69964
36858
68595
23080
65379
61699
59905
40177
68514
78093
40334
52432
78394
65299
55471
61690
103954
69574
55531
51024
24103
85304
83216
36781
49606
64375
73994
67402
81055
78332
91609
28022
46003
36301
66521
79111
70638
47199
24807
102201
61294
63635
61429
37614
28262
61156
47222
28838
103770
63196
55998
88411
44729
80796
53142
60266
91022
38450
23672
52140
61712
56356
43263
71039
43456
42531
62738
38361
49378
47874
40345
67342
47123
94290
75458
64692
91862
47327
78879
52127
50523
26468
61499
44988
60815
67338
62599
56232
60721
60178
99009
48395
72085
40798
66652
44242
51230
39561
104723
67286
12813
44742
29859
63082
72510
97799
51748
41547
44631
65339
57495
73369
67602
77343
57021
62122
41637
52769
14017
54701
69808
42614
32238
56381
31777
73691
47792
32907
62923
70214
48412
58017
70291
15892
73326
25431
56407
38885
64527
78195
11111
75478
49739
56896
55031
69829
42471
43691
58482
59683
58111
26595
56768
61790
14937
18912
40383
38578
57057
47000
43301
71573
87895
63722
37541
63643
55105
76875
41172
63204
48346
62413
95979
71856
48579
39326
37739
55661
61804
93513
49286
48457
33540
44666
50084
68053
57679
55406
55364
89011
46612
45925
28401
64541
72085
39714
76752
93824
50868
52738
90113
65463
63019
59246
55647
23307
54013
38736
61318
83493
62620
30301
60841
68072
74451
66704
28297
74125
94454
52372
47827
26140
56946
42257
42742
86159
44308
37556
46382
44720
59217
50993
29263
44580
55041
55797
38944
73442
8631
81867
64828
59649
99937
21177
70004
43975
59382
55654
33642
55493
65810
31079
71784
43685
56213
44232
100901
67751
50487
50934
61371
48638
48948
73134
77399
69102
85207
58708
33783
69012
62858
42360
32695
51522
102881
69129
32546
44337
55786
60657
59466
56253
42152
77470
66745
55796
63675
67564
25465
72356
61344
52820
28161
61162
64458
42070
48434
49331
47908
27270
89478
40195
55354
57314
47388
66840
40591
58117
60776
71894
44699
41550
55844
33031
54535
48816
77321
63155
27335
54350
43903
53434
41190
49251
50756
50359
54091
57526
42961
73582
56530
70510
41418
58797
57078
72099
51178
60049
49735
52309
52373
87292
44011
52886
67683
67903
56783
51802
45195
43529
78564
69460
26856
48317
48431
80796
113061
24736
96554
61636
55367
60341
43183
39549
60791
78582
27002
66560
55307
32193
40922
46184
60671
43189
54505
59959
60362
29297
68244
61098
35737
63207
71338
41765
45321
33271
41227
86242
71754
57520
63532
64061
42671
54365
42783
55807
72860
66503
52597
47478
24543
58279
63208
79365
47475
56066
96183
48863
37710
89860
65635
88516
86189
28655
61640
23443
46765
66542
62667
30125
46376
43202
44761
74453
59886
50744
51735
82230
25272
47501
58000
51481
33619
58622
54214
29376
37771
85780
49247
67150
18898
100040
68725
39424
50844
39657
9042
79254
64575
65775
42219
21921
54344
70905
56389
43337
45571
52764
57200
25741
47516
52934
41966
47984
41224
27656
42139
65640
82274
68782
66436
54708
17596
87488
78135
39716
54718
68309
65761
80300
25823
41412
64626
24093
73927
50381
46142
65844
49476
22672
43655
56443
44928
82765
56844
66164
61838
61471
49750
59294
47288
88211
60437
27985
31010
58561
32154
65422
50415
69947
67258
70936
80321
60614
51567
92111
64293
52770
62884
34129
64431
54261
39448
12501
29472
52118
67582
12201
37629
40573
74074
38237
72337
36498
93416
64768
58109
29857
52565
53884
64159
92880
44791
41640
100027
55592
43413
24746
66272
44383
67845
60362
74592
45544
56472
76618
62431
32181
69467
23095
57936
72924
41457
49304
38989
71442
75929
47567
58768
63450
68539
21901
36858
35109
43588
73386
27371
53175
38646
41523
45233
100502
35106
86162
50567
52139
65607
73675
53197
65675
43296
26689
49751
53843
25973
50431
67778
74359
79366
56239
46368
35042
51153
41559
88137
67970
42074
59350
46924
82173
71881
42133
19631
82036
46379
44025
45276
8561
60068
55391
19617
51327
39497
37783
44294
57891
54629
62140
27251
41300
105567
22871
62365
92919
63916
56088
31381
56934
36848
55553
94721
28611
56783
55999
22001
62353
38985
65172
53351
65174
35064
66269
85501
44903
40850
24855
59921
75240
57261
71164
64618
38595
